VARIABLES = "X", "Y", "P", "delta_x", "delta_y", "monitor"
ZONE NODES=521, ELEMENTS=960, DATAPACKING=BLOCK,
VARLOCATION=([6]=CELLCENTERED),ZONETYPE=FETRIANGLE
-1.00000000000000000000
-0.95110122042758249439
-1.00000000000000000000
-0.90128905776568790653
-0.95087605506366790209
-1.00000000000000000000
-0.92458568043627920030
-0.84681281911722372513
-0.87435165828848893099
-0.88924916807663401119
-0.87629195604372067674
-0.93929605004507255028
-0.83782482848097983297
-0.80957605882497551963
-0.77028260117143554364
-0.82425695316668701196
-0.93854346337144101131
-1.00000000000000000000
-1.00000000000000000000
-0.76350416494132677947
-0.67500184383962658075
-0.72374130316795204365
-0.78979137529555076824
-0.73512966189055628519
-0.69745550866724748129
-0.86840629863338603123
-0.85915375946319716416
-0.93159721533154515871
-0.77996709947837039589
-0.59052791222704326124
-0.68311572802954789729
-0.63394405719171453839
-0.64534543218204976078
-0.92934879192761632449
-1.00000000000000000000
-1.00000000000000000000
-0.53722116265040276151
-0.58100022481832691579
-0.48057977378600341689
-0.69938501596906132995
-0.78201447048506866899
-0.69953050399967398043
-0.54062118144679982557
-0.48773653691841495350
-0.59532428597232067702
-0.85068665991957848060
-0.92754453807842662805
-0.85527577019602585295
-0.77549251324301893273
-0.61916700627987553140
-0.53634407406385986583
-0.61931408513572916430
-0.51292171156592702985
-0.49063590575129406579
-0.43339569824971285739
-0.38335067759182445135
-0.43732578601972715848
-0.92445491608744023715
-1.00000000000000000000
-1.00000000000000000000
-0.77133489739554828013
-0.69364340588998674164
-0.68886021587569623570
-0.32128874700419568500
-0.37231566749053934817
-0.25519399866823094802
-0.53502774178740497568
-0.53323645038174749544
-0.61794626756305648385
-0.43801477405962652156
-0.38536725170328622880
-0.46275485781165281995
-0.61169042988354183077
-0.33388480597747627332
-0.28155278237989189716
-0.38808932819752056664
-0.84621549744770929724
-0.84353693098844662046
-0.92285262441810922418
-0.76608723966222103119
-0.33499593276571654199
-0.20015769678841846546
-0.14296934087776907996
-0.26696770926421004022
-0.37654812894374850574
-0.45632437392007935140
-0.45780352983897815156
-0.38120397403386990787
-0.21436610369516304053
-0.52339215125231886017
-0.60648917633289567419
-0.52663144447669774095
-1.00000000000000000000
-0.92154524559849859688
-1.00000000000000000000
-0.68340738282832391715
-0.76375491006020512774
-0.68427807565115161825
-0.07282869705187883236
-0.13019180323413531708
-0.00050948295158745479
-0.60362572965981942108
-0.22042679498988720921
-0.30391381129401162653
-0.25102353814397976306
-0.36395493147742247197
-0.44873544377981866571
-0.36921846002018143817
-0.30030094933596773732
-0.44428731814151301016
-0.15436703574965898733
-0.08334940277471289405
-0.02534572093510416638
-0.84377282740909997916
-0.92161101874067408168
-0.84240465874100944887
-0.76392268513377403760
-0.12552848708836464309
-0.01086750050450255821
0.06130327453034772889
0.12139907344903393127
-0.52231415261672642369
-0.60307596190305767792
-0.52095981633710353176
0.04681057441967942379
-0.21080425052765017213
-0.20226829431313003704
-0.28917819474973438520
-0.28421008855946977567
-0.35653673029711585585
-0.44014798170879498862
-0.35876720654942018118
-0.92301312622152076326
-1.00000000000000000000
-1.00000000000000000000
-0.43956136177338078763
-0.76664888263585728723
-0.68475040038293044642
-0.68983735266681345255
-0.60648367001545122612
-0.12477701924500848862
-0.02814992746391773576
-0.03069663882380295819
0.18881387104880315020
0.12909613927190402571
0.25396572255889954262
-0.11799635243856781974
0.18560306920708397049
0.24580747567203453663
0.11121894407635164737
-0.19262248266392997809
-0.27812977834675706168
-0.19659119471087138642
-0.27492971061725368642
-0.84696531489157944605
-0.85186374186015267895
-0.92502939967822228606
-0.77247794453190710140
0.05945415859868713460
0.14012724131625248214
0.05377377788281301196
-0.35530318812339356516
-0.43952818786480629676
-0.35443863218565713202
0.19261119727038356064
-0.53405775040465719439
-0.61264788568391648216
-0.52649463489582593034
0.31435868061929228556
0.37095297824512646345
0.24989371939268453793
0.30963076979136461286
-0.11272880426532093379
-0.02748238095640423082
-0.02456379949122820469
-0.10926884730621649888
-0.44488306073352279491
-0.27213724596749333529
-0.18893119644739900242
-0.18685408181670426497
-0.92814074753587971767
-1.00000000000000000000
-1.00000000000000000000
-0.27076109998711900273
-0.70447918925777719412
-0.77860944811333865356
-0.69680824220689951964
-0.62099023810524400790
0.14639699361888275364
0.15263686304902748803
0.06236594265992003588
0.24727045887026763427
0.30042428358468697969
0.35040686495179723670
0.06310645192208012844
0.37134840608673652662
0.48002855456065163242
0.42723902154508530682
0.36474730756315110192
0.42583657208487318835
0.47676990876278907416
-0.10696381341907466866
-0.02287410215079273973
-0.02140813545997129544
-0.10404271372035699128
-0.35902067392031222770
-0.44839665977792431129
-0.35607521610312126148
0.25068575420961658473
0.41478081814189388110
-0.86047439278881854285
-0.93003450364614137502
-0.85658914360840610058
-0.78518839797407036230
-0.17631310797596991269
-0.26707406644912007332
-0.18099029863035201449
-0.56135919177713855532
-0.63423763333387828123
-0.54799792994300722260
-0.26664156655113957495
0.15102313953485105302
0.15070635979935523285
0.06372696701879240755
0.48304529932721879115
0.53525523906380589878
0.58710738662110428798
-0.46249386609246506685
0.53394526323999280670
0.06451363040353183531
0.34018849700989800544
0.33240349476754432745
0.24388059143202794887
-0.10387797059609871209
-0.02047666072857344879
-0.01970784310840094367
-0.09727260337165979931
-0.93220723850615261341
-1.00000000000000000000
-1.00000000000000000000
0.45442529998609815234
0.51618667950977414893
0.55391560306684961557
0.24127439451534737902
-0.70387988655699240681
-0.70102391686067766496
-0.78225397504477311994
-0.63363987938192012361
0.63251627222034245701
0.58105234483838386073
0.67528175610399021611
0.43759644913597633975
0.52121655385136855809
0.42706050463504813264
-0.14844594586763923405
-0.11929959711387994048
-0.24127777913002038113
0.59065573584244790428
0.64377089491902039775
0.69747220548228172632
0.53783953594336275650
0.06276991779735159593
0.14827778547354938943
0.14715812838191649758
-0.52254536021174113891
-0.42180752274652660860
-0.48195144373663789672
0.06427628008858182751
0.62817772268925164969
-0.86931538906990801774
-0.87693484716719771743
-0.93884353509822493500
-0.09719031601306461765
-0.01807195708797063732
-0.01645888736998840640
-0.79176027346933119944
0.32628463954724568064
0.32318927779253425747
0.23734906465939625830
-0.59500923146909900918
-0.18428037503905003724
-0.25052693470607917403
-0.30714176178930330252
-0.06690401635026879679
-0.36981720760940922643
0.76972164747042726152
0.68134908407326721935
0.72363445332995390835
0.23562470833578744167
0.73486477646606784830
0.50997759873520454033
0.50232274335313731317
0.41808514244772160273
0.62722918361676494037
0.69789483219203263253
0.61130774495406958735
0.13686958353601350047
0.05786501693457403450
0.14157431878394863278
0.69882986734112129135
0.41301003414840264938
0.06094401375199820503
-0.93961142471916636598
-1.00000000000000000000
-1.00000000000000000000
-0.53758111039086886596
-0.58930767870804656727
-0.64666935823099647163
-0.77092428703430238013
-0.82490421791405676988
-0.73718962201000337586
0.03911196222338977901
0.09668707589588873552
-0.01113613639694509098
0.80942896800536590085
0.76380919742342945344
0.84700027009458256355
-0.68303236355306340410
-0.06047126730374089570
0.00195462328597317304
-0.12579610471387533965
0.23162631034696867793
0.31866551871837933696
0.31686470760873580721
0.60110477412480034509
0.67954984682567698417
0.59137388344457464395
0.68831438063050798259
0.82373701159433820873
0.87581008698795037581
0.78948972208200329792
0.22802324071383159310
0.11718433154686383468
-0.31361805880175935846
-0.37412596244198126350
-0.43003541052589733251
0.05075791301498918523
0.78082479396582249453
0.77932977306321338240
0.85814321448002439663
-0.48572203581668182970
0.49772688485952937265
0.49717299382662111240
0.41027761011163321747
-0.90152330042078643313
-0.95098335204112316443
-0.88969003675674940279
-0.83825284339768257880
0.86760810769301943690
0.40799242647597805389
-0.12825090260591545666
-0.19144872763352424605
-0.06240871171902909187
0.83744715871272390473
0.87434004008590404666
0.90107153202569179040
-0.25483908583910330758
0.29627629103786079501
0.19810097239529858570
0.21565011229579211793
0.88891457261202522222
-0.72438965491729001567
-0.63370803192548474936
-0.67557658309823032106
0.30590463779210513851
0.67289661948119650070
0.67020472591226587511
0.58651945923894732715
0.77338584844109892202
0.84793156211120002119
0.76541086761156995610
0.58401255960307452142
0.85347167036359661285
0.18395841238511290161
0.27334804800199125063
0.13970743308382979619
-0.42890049628547050053
-0.48034451393301941247
-0.53652527472463518166
-0.95121929245246128470
-1.00000000000000000000
-1.00000000000000000000
-0.81008100130146121209
-0.84716609441035961581
-0.87464777554799588710
-0.58136657302743555142
0.28553457419053379640
-0.76403954763644221782
0.50301239160201005607
0.40951049891600949104
0.49811738441468544902
0.95100072392394219278
0.92466607422999314014
1.00000000000000000000
0.93109157867461433966
0.93827441651214338325
1.00000000000000000000
0.40172108551131963106
0.13674116700219338116
0.00433237264381047295
0.06867199953490557562
0.95075316372921314656
1.00000000000000000000
0.93906941829624346330
-0.25441372086980673650
-0.31617037997777430736
-0.19239266384560785306
0.20772750463804609544
0.75888480360214849441
0.83841644216545108126
0.75463543230001572937
0.84227113692609545392
-0.92475119549223627757
-0.37166491161667003507
0.92885722173514373434
1.00000000000000000000
0.92622949915839958290
0.67146266154384559588
0.67690996777206680068
0.58749747259063955784
1.00000000000000000000
1.00000000000000000000
1.00000000000000000000
0.59096890328264584102
0.43519131506719826996
0.35656939275390536759
0.36626916384737390198
0.46999614214405399659
0.06923475692790763414
-0.00022041298706858474
-0.06509347496973966196
-0.12966692245224104019
0.33048065931327552658
0.38475767046042697039
0.26455578588105582716
0.75458107008250641101
0.83696895166553642031
0.83820996968205863098
1.00000000000000000000
0.92034732031638133432
0.92306754905562937719
0.75738595574443257075
1.00000000000000000000
0.47055410841361583474
0.50405520210436738360
0.39205141338942317564
0.44638329709788998612
0.60414665087274521671
0.68874708572585563449
0.70087875786965692093
0.50684960909006149254
0.53968052666598753664
0.57481045689389864695
0.19646187533854164720
0.25418654049333555545
0.12927294347078768788
0.32164239537930783275
0.63863646412861729829
0.91898632911175193172
1.00000000000000000000
0.91880962180553438223
1.00000000000000000000
0.76466895247746247133
0.84263895925070297910
0.84886133907296201784
0.54030167295370512548
0.77542406668963981264
0.59592223558356083313
0.49435795339368709955
0.55158285322869082812
0.43420857909885213211
0.48053807127773129348
0.37174072170782068714
0.92030886751293206061
1.00000000000000000000
1.00000000000000000000
0.54005027266315197565
0.92348585865390719896
0.70636505561693085919
0.60810029194814751996
0.64257894276144478241
0.70474923349440277143
0.65252148352362338013
0.85546600055177268729
0.86084970078633049617
0.78363087657562680022
0.78497224407499766041
0.63678014936552862491
0.67539560228186956703
0.58138412176976383972
1.00000000000000000000
1.00000000000000000000
0.92674435763050644344
0.93031060246720409523
0.74080624829001484599
0.77305259626438171949
0.68715955681510454411
0.72535771955142169798
0.87833974477651022283
0.79497576905253919399
0.87017268270035497135
0.82662201485171726834
0.93236757452716345629
1.00000000000000000000
1.00000000000000000000
0.93957047813334260145
0.81094423536327486790
0.84689806034612225005
0.76370671966151837395
0.90218707142066900673
0.83957180774200812490
0.89069671354625223891
0.87484312644661943459
0.94028235637495793942
1.00000000000000000000
1.00000000000000000000
0.95132153240227723678
0.95153763706624894247
1.00000000000000000000
0.92461156359076035471
1.00000000000000000000

-1.00000000000000000000
-0.96609822757536256699
-0.94786806229295628157
-0.93082091603682481917
-0.91188092759184280478
-0.89196375216116463580
-1.00000000000000000000
-1.00000000000000000000
-0.96587616985075908094
-0.88432429687205516000
-0.83170928267897026309
-0.86340547649253118756
-0.92194228038127579161
-0.95751921234637493718
-0.91191039587167110891
-0.87348391230250654882
-0.79495662841908254492
-0.75446433045290350883
-0.82813933550291041197
-1.00000000000000000000
-1.00000000000000000000
-0.95669351598006169279
-0.80164636717290538304
-0.84534589453116792956
-0.76805280083087834608
-0.75740760459641887081
-0.66977345574041868836
-0.71488251315412776332
-0.72139298398450069083
-0.89840643073773873706
-0.90545506852305557288
-0.95150393473719119264
-0.83666952002193073490
-0.62034139006672917027
-0.56377681528810141831
-0.66775454361184038987
-0.94987456898124700277
-1.00000000000000000000
-1.00000000000000000000
-0.54623375820317188190
-0.61177260064989391619
-0.66691274503728126266
-0.83996744878778228927
-0.77263386574357895142
-0.77066092353375248436
-0.43540281217982723660
-0.50323735510343325927
-0.56270476477266162529
-0.49383663564720925443
-0.69704138971266660363
-0.61516006777818610374
-0.58186329438280393056
-0.69902952069872914542
-0.89471646306153196360
-0.94797559190240032745
-0.89093552075699833370
-0.83416546323500118110
-0.37052209243882949785
-0.29979447320232915919
-0.44036362011267798922
-0.35877546727480258415
-0.41948095470961027642
-0.27942489840089945741
-0.94626463389573467477
-1.00000000000000000000
-1.00000000000000000000
-0.50886161552302056066
-0.39007433350981352005
-0.47051176821044621290
-0.71365375121105911749
-0.64680091008910001182
-0.63131378395807580262
-0.33678338372946442503
-0.82687677089722799728
-0.75339595374178103260
-0.76334355254071550867
-0.29425680587109903641
-0.14545548266963476136
-0.22334336547242422677
-0.21434382516522848539
-0.70209689890046855787
-0.94169711400515454525
-0.87790065668340711014
-0.88439226085411115630
-0.47862739921945407495
-0.43559910004743790379
-0.54889996253387207670
-0.56666318357781353399
-0.81796705939730851576
-0.12576603438659611500
-0.20135519099669726972
-0.25964982776173045620
-0.15080452566395757819
-0.07359530642440760551
-0.00029666263990835504
0.00770478054147820737
-0.06771930528297033514
-0.13633372062395615609
-0.94047251207664639416
-1.00000000000000000000
-1.00000000000000000000
-0.06055382210764610057
-0.57634410866584950828
-0.61170223986474114852
-0.66982316007819642234
-0.24567554208895886481
-0.31690468904233021208
-0.36465092188819497876
-0.52837981484007146005
-0.18710742071322342128
-0.72718140726008517749
-0.79588346872396509291
-0.70366724257327772918
0.15280862653690491237
0.07702350107724754980
0.00369222024198632157
0.07917988621388430404
-0.64094928545895535343
-0.87454058137855594790
-0.93882049369315667686
-0.87399055341206477454
0.14759018822309574737
0.07927683336922854151
0.01097825930610466655
-0.79336772758030327246
-0.47106008003229016268
-0.35935211324747984296
-0.41818996902604893551
-0.30337160486503195189
0.00980854468986103178
-0.05656224279061106835
-0.11839848675771393050
0.22673665888227273468
0.29922952600394653322
0.15021009967723589207
0.07729952845433542274
0.22556268950664029593
0.15158547472246400312
0.29415859401242328008
0.21973281391529098094
-0.52532909075108924490
-0.59541494156881902278
-0.47599031625983440064
-0.93978181005219929567
-1.00000000000000000000
-1.00000000000000000000
-0.41780903380355283172
-0.80594596046001198975
-0.73160110043398873803
-0.71563983986355361733
-0.11944020108974802430
-0.18142813709893171326
-0.24066947160904522685
-0.05574475035094099418
0.30064129185861765414
0.44061981150517426364
0.37300056155330207908
0.36872851669416589759
-0.63870047695757492523
-0.57086085873465064466
-0.52295127559542198270
0.27198442174356940448
0.21128544179885475063
0.14163087557303286057
-0.65505344843271839927
0.41551057410934238989
0.35715215111101161760
0.28375984420149191756
-0.94302362987443977271
-0.88416546814101226737
-0.87860589117308818263
-0.81330125936492592142
-0.30110268930599387582
-0.36243860508573311208
-0.24447139380154508936
-0.18220679121301805448
0.34287871268787428747
0.06904900396960725328
0.00362928046946515547
0.12659264568641054316
0.50549716736176086851
0.56344047620638038065
0.43986706592911128944
0.19815619575959761423
0.55422367518962512012
0.50053304509233786934
0.43080289693977524834
0.48693700856248139930
-0.47564835639204811057
-0.37452037438306334804
-0.42483598943097666822
-0.55661453799570359546
-0.64318268389514343664
-0.54486062936348833574
-0.30896878561792007201
-1.00000000000000000000
-1.00000000000000000000
-0.94497455841452682179
-0.74205426408554031603
-0.82185316940641373051
-0.75335338365171400365
-0.06039630838698208104
-0.12403875123276852932
-0.00226431029505100301
0.06171470425631608164
0.54580770782447307621
0.48318326897014607368
0.41334463571818841343
-0.45930463572276963857
-0.65608259768019416835
0.67124905512385169004
0.62095430021164843559
0.56588514310658022399
0.61632864172420109838
0.36190679137997244785
0.31733847595959041588
0.24568607088199556632
0.62059956843611030486
0.58869596286481551406
0.52414556702704351299
0.45401625866976708101
-0.25316683012876706194
-0.12866010603366606624
-0.18653923608511219223
-0.88941982686815435066
-0.94796238847514002757
-0.89425857711377099157
0.58396845346685488654
-0.82932215946800214024
-0.06513864489331419594
-0.41078867263053714387
-0.26848450018855202215
-0.32206007258730323661
0.17825640706805120916
0.11429958659009520350
0.22971413520550967857
0.29535594584591678968
0.71531335411957297499
0.75410839179029209856
0.66737762466693995034
-0.58153551005466763701
-0.68897205586060672466
-0.61696053610278511758
-0.19738215069009751312
0.66957426484838378222
0.76662857641418413746
0.72135300918369360534
0.69908182615324332421
-0.94960735744835556016
-1.00000000000000000000
-1.00000000000000000000
-0.47958085023758273424
-0.40921877525793259878
-0.33779319677057129123
0.46505602931491590857
0.56199778113714993211
0.55215389005523929367
-0.75969288547111091248
-0.83274244976351763370
-0.76465956569975734869
-0.51912083320197532910
0.05845790603532266538
-0.00444538006824683404
0.11976738085228279262
0.69223609161036170345
0.65824290020082687480
0.75638448321274520669
0.17474634959940088530
-0.69633501383381879446
0.75777966279849573450
0.83136711174933308754
0.79461507575127354741
0.38717187026665178529
0.32283343038113465617
0.41351305026218582173
0.80075224647941467548
-0.13466712093655675009
0.00035692911222289707
-0.06499848520889846271
0.76217531578373398649
0.65342245472238769111
0.73732300183642129898
0.64656502532100368352
0.48904810961612726894
0.74647156884209042715
-0.91055331177722009794
-0.90274135763865104298
-0.95603265845837337444
0.06082419481201169903
-0.84303794797437825448
-0.27439218288673322688
-0.13564368704862417303
-0.20363675581415824345
-0.58470636128759168049
-0.54989130923658946504
-0.48151967313010829441
0.34933839704775454527
0.28910731861953076205
0.23579091554437558997
-0.66658020214758884059
-0.06618035673525973772
0.38097264709322437026
0.86311394765015136965
0.89172334195726021822
0.82780565523400040373
0.83138353653562946377
0.89551793499215048833
0.83431708301418272544
0.91113457022253807605
0.87287386481311746156
0.84420879466777598576
0.48307037391642437818
0.55087654392281282245
0.55464940992428601874
-0.95689403543336803981
-1.00000000000000000000
-1.00000000000000000000
0.90363890208629893408
0.64808077461463409197
0.72788031138842868017
0.73083173161717485122
0.19085073745712008431
0.13298329376576017991
0.26393270698749365932
-0.34978276702922844743
-0.28570946817594294886
-0.20934616626045152166
-0.42428059733174883217
-0.87228805384468566242
-0.83077178838801002403
-0.79954067990671395805
0.30683540015637100762
0.45290347442104178510
0.81734100679339560802
0.88663974441177206831
0.82463768871416576189
0.64321081252845535570
-0.61351667851114866092
-0.71960506311532879131
-0.66972104679521549109
0.89127193055109099618
0.00735001171270346400
0.15006389936994518619
0.07366369090088534244
0.93058062823516762840
0.91164198486871872440
0.88401284699980064996
0.92144080790145355131
-0.75680360724966833086
0.20827983737743516190
0.87862005325649983334
0.81124689538106631304
0.80735366919329820679
-0.92106553223336984360
-0.96564607440961403029
-0.93037964306201814679
0.88219175696252716268
0.50059018896464035908
0.52479764160076458612
0.42473077779735290971
-0.88364759572144724320
0.95632524613625968790
0.95017067515731401528
1.00000000000000000000
0.38533651868347518210
-0.13980929093554120279
0.00709394995652890773
-0.06596664209474670248
-0.49656561076083771678
-0.43707267584047743147
-0.36266589718770908535
0.08037241400816327874
-0.56342547142660193149
0.63691396492781815475
0.71802241442869929600
0.72063966106670984679
0.94610528335486099305
1.00000000000000000000
0.94860039779712956864
0.96598676545439043917
1.00000000000000000000
0.94774435282780800094
0.95715509262054720985
1.00000000000000000000
0.96574876557553701595
1.00000000000000000000
0.61552695402672130687
1.00000000000000000000
0.44887523103415150061
0.35537397856491570458
0.30230556211768877528
-0.96589918363170701454
-1.00000000000000000000
-1.00000000000000000000
-0.71467860683830408686
-0.79433846748021230688
-0.75415773927343798810
0.47493552666119426275
0.87612518535139594089
0.87617342586505841950
0.80596311926683550375
-0.91156509761944359838
-0.89176591445149044901
-0.86288148742264225710
1.00000000000000000000
0.94421064670908927408
0.94193236581004868846
0.80072646007645753574
-0.21813952006392395289
-0.14644268318812228569
-0.06842019218710293504
-0.29553322142927351823
1.00000000000000000000
1.00000000000000000000
-0.62012649604071967691
-0.56336496919731138266
-0.50384598303270755615
0.15653435000520407594
0.30441350528168686917
0.22592042561162703485
-0.82786744186360861075
-0.66740014879195386222
-0.94776787167064158179
0.37959673799559873197
0.62688114451570986496
0.67374352954939453753
0.56523393035322333500
0.54254692568636175842
0.93968763425145496182
1.00000000000000000000
0.94089857812760369082
1.00000000000000000000
0.80787006337595168581
0.88550239985267109599
0.88034063711748733461
0.08006720065957352583
0.00448212033351203139
0.15539427192553662005
-0.29904666982578653744
-0.22345337073072460421
-0.37108554021344752893
0.23226968421847815627
-0.43973244019817175898
0.70297156538841498730
0.76921106617062606770
0.74426458198426537205
0.82943570816453959793
0.51111387592717805184
0.44394437597200592238
0.56966196944315272699
0.63873230317987050864
0.55535069417936600011
0.64993934590939650420
0.94083011674339123154
1.00000000000000000000
1.00000000000000000000
0.94373302832614947011
0.61138809821309214598
-0.07386698728094200084
0.00025313047053929471
0.07866615350687590491
-0.15012300951786849978
0.37685251065706715234
0.30502673639881455747
0.44660822785678694347
0.71301022261131707936
0.51150471430354194080
0.89798562143110638445
0.89203869339468067068
0.83813331905777166408
0.94559218337172001867
1.00000000000000000000
1.00000000000000000000
0.22825270486956492078
0.15065770243241399795
0.29963326762404701720
0.94970293086464652177
0.37643398318621451581
0.77497658053666995670
0.77267395555640594473
0.71690782600254832069
0.68146250770123162344
0.83931764715992895898
0.57169845525679352516
0.67662172784390173241
0.62649889212485831980
0.72841082252567979083
0.95126344811004437396
1.00000000000000000000
1.00000000000000000000
0.44043507557092020921
0.56418276628971575359
0.50879013422403707168
0.62419409438839490445
0.84872583154369751757
0.91290608921241400697
0.90574458438882410327
0.95711899670664224438
0.83377760284896362819
0.80588378032521190697
0.76152997350809648047
0.87495788470813562476
0.71814579519216870107
0.66819332324475144702
0.75481036185653938020
0.79622352850207944730
0.95797120736925456264
1.00000000000000000000
1.00000000000000000000
0.93131830588605857280
0.92267691346096969429
0.88547200184865038075
0.96610804014627937875
0.86434846665299458479
0.82827138411625200742
0.89199668689948741207
0.91214822701057118870
0.96632633974635262497
1.00000000000000000000
1.00000000000000000000
0.94786364379283927217

-37.40405273437500000000
-33.97116088867187500000
-39.84008789062500000000
-28.91555786132812500000
-34.20773315429687500000
-38.99407958984375000000
-31.18984985351562500000
-22.32394409179687500000
-26.30929565429687500000
-27.82119750976562500000
-26.73187255859375000000
-32.68408203125000000000
-23.06060791015625000000
-20.03811645507812500000
-17.16964721679687500000
-22.23376464843750000000
-31.95336914062500000000
-36.47222900390625000000
-38.01776123046875000000
-14.70617675781250000000
-6.92556762695312500000
-12.65130615234375000000
-19.63900756835937500000
-15.17245483398437500000
-13.26568603515625000000
-25.40509033203125000000
-23.59097290039062500000
-29.94604492187500000000
-18.67297363281250000000
-4.17730712890625000000
-10.38613891601562500000
-5.75122070312500000000
-9.14483642578125000000
-27.41030883789062500000
-29.99526977539062500000
-33.77014160156250000000
0.64669799804687500000
0.11306762695312500000
6.52728271484375000000
-12.72979736328125000000
-17.84045410156250000000
-13.71221923828125000000
-2.83786010742187500000
-1.71286010742187500000
-7.26498413085937500000
-17.22198486328125000000
-23.50952148437500000000
-21.06341552734375000000
-15.35363769531250000000
-9.05981445312500000000
-5.81878662109375000000
-9.42700195312500000000
-4.11059570312500000000
1.50958251953125000000
6.36108398437500000000
6.39633178710937500000
2.14175415039062500000
-18.06344604492187500000
-17.29479980468750000000
-24.44927978515625000000
-11.88238525390625000000
-10.62353515625000000000
-7.49957275390625000000
11.08566284179687500000
12.06933593750000000000
16.46377563476562500000
-6.09054565429687500000
-5.42010498046875000000
-8.61578369140625000000
-0.85046386718750000000
-0.29364013671875000000
-3.21350097656250000000
-6.79183959960937500000
5.90270996093750000000
4.99389648437500000000
2.00799560546875000000
-12.11120605468750000000
-6.14028930664062500000
-11.26016235351562500000
-7.35070800781250000000
2.29382324218750000000
14.45965576171875000000
12.59588623046875000000
10.16186523437500000000
-1.83401489257812500000
-3.79089355468750000000
-3.54064941406250000000
-1.14395141601562500000
8.76367187500000000000
-2.01965332031250000000
-4.26614379882812500000
-3.96652221679687500000
-8.87606811523437500000
-3.76025390625000000000
-0.01690673828125000000
0.21707153320312500000
-2.36410522460937500000
-3.77966308593750000000
16.34265136718750000000
19.38189697265625000000
20.38275146484375000000
-1.32028198242187500000
2.17422485351562500000
1.10354614257812500000
3.58923339843750000000
-1.64410400390625000000
-3.16793823242187500000
-1.98342895507812500000
0.10537719726562500000
-2.08511352539062500000
6.67456054687500000000
9.85910034179687500000
6.98654174804687500000
6.45141601562500000000
3.93994140625000000000
0.15985107421875000000
2.76617431640625000000
4.80288696289062500000
13.51885986328125000000
16.35876464843750000000
12.71966552734375000000
2.34860229492187500000
1.71963500976562500000
0.17568969726562500000
9.98028564453125000000
0.88211059570312500000
0.05868530273437500000
-0.62841796875000000000
-0.90332031250000000000
0.07199096679687500000
-0.65069580078125000000
-0.87640380859375000000
11.43194580078125000000
17.26077270507812500000
8.84939575195312500000
0.88476562500000000000
7.73364257812500000000
4.19522094726562500000
7.87139892578125000000
4.62692260742187500000
2.43466186523437500000
4.14685058593750000000
2.14123535156250000000
14.60623168945312500000
19.42028808593750000000
16.49606323242187500000
1.14407348632812500000
8.90447998046875000000
5.24954223632812500000
6.85037231445312500000
-0.22906494140625000000
-0.71823120117187500000
-0.26745605468750000000
-0.25018310546875000000
12.38006591796875000000
17.43661499023437500000
18.20285034179687500000
12.19763183593750000000
5.26300048828125000000
3.09078979492187500000
2.72750854492187500000
1.65249633789062500000
2.23699951171875000000
1.00903320312500000000
4.21978759765625000000
5.65185546875000000000
7.13766479492187500000
4.23934936523437500000
11.17727661132812500000
6.63677978515625000000
10.41275024414062500000
6.16400146484375000000
0.32272338867187500000
0.95639038085937500000
0.29141235351562500000
-0.00512695312500000000
3.26437377929687500000
0.30145263671875000000
0.00863647460937500000
0.21936035156250000000
23.62484741210937500000
29.95648193359375000000
24.43475341796875000000
0.69409179687500000000
13.04272460937500000000
15.65139770507812500000
10.93728637695312500000
8.87677001953125000000
1.64871215820312500000
0.56033325195312500000
1.45614624023437500000
1.33285522460937500000
1.89541625976562500000
-0.74111938476562500000
0.51904296875000000000
12.14187622070312500000
6.53192138671875000000
6.51947021484375000000
2.30899047851562500000
2.22668457031250000000
-1.65307617187500000000
-0.03491210937500000000
0.03652954101562500000
0.00177001953125000000
0.03320312500000000000
0.94131469726562500000
3.50112915039062500000
1.76232910156250000000
0.30404663085937500000
-1.03598022460937500000
23.69680786132812500000
27.47958374023437500000
21.22338867187500000000
18.07550048828125000000
-0.30993652343750000000
0.71612548828125000000
0.18261718750000000000
6.89138793945312500000
10.19085693359375000000
6.41479492187500000000
-0.04437255859375000000
-0.01528930664062500000
-0.12756347656250000000
0.08950805664062500000
1.74975585937500000000
0.70251464843750000000
-4.07693481445312500000
3.53182983398437500000
-2.68536376953125000000
-0.00738525390625000000
-1.48242187500000000000
-1.38409423828125000000
-0.47903442382812500000
0.00558471679687500000
-0.03164672851562500000
-0.24383544921875000000
-0.36169433593750000000
30.00543212890625000000
36.44741821289062500000
33.76950073242187500000
-3.27975463867187500000
-4.40188598632812500000
-6.58627319335937500000
-0.51824951171875000000
13.98361206054687500000
13.50701904296875000000
18.83251953125000000000
9.72073364257812500000
-5.67764282226562500000
0.15020751953125000000
-6.94720458984375000000
-3.24002075195312500000
-5.27249145507812500000
-2.91912841796875000000
-1.45248413085937500000
-3.10113525390625000000
-1.42608642578125000000
-7.10717773437500000000
-9.09753417968750000000
-13.28536987304687500000
-6.05953979492187500000
0.00875854492187500000
-0.00445556640625000000
0.11853027343750000000
4.63784790039062500000
1.22875976562500000000
1.81762695312500000000
-0.05972290039062500000
-9.44296264648437500000
25.49276733398437500000
26.78674316406250000000
31.97918701171875000000
-0.89331054687500000000
-0.72479248046875000000
-1.42492675781250000000
19.80038452148437500000
-0.80480957031250000000
0.00476074218750000000
-0.21334838867187500000
7.30984497070312500000
-4.29666137695312500000
-5.33209228515625000000
-1.79315185546875000000
-2.24966430664062500000
-2.26382446289062500000
-17.13641357421875000000
-10.28701782226562500000
-12.64636230468750000000
0.20233154296875000000
-15.14767456054687500000
-3.83688354492187500000
-1.99835205078125000000
-1.94601440429687500000
-9.86215209960937500000
-12.68359375000000000000
-8.47479248046875000000
-0.48696899414062500000
-0.43533325195312500000
0.00567626953125000000
-13.68203735351562500000
-0.66540527343750000000
-0.98815917968750000000
32.71636962890625000000
38.98651123046875000000
38.02700805664062500000
2.83322143554687500000
4.18185424804687500000
9.26351928710937500000
17.23312377929687500000
22.29125976562500000000
15.31616210937500000000
-2.28115844726562500000
-3.05929565429687500000
-3.39154052734375000000
-20.01486206054687500000
-14.70501708984375000000
-22.34197998046875000000
10.40048217773437500000
-5.38589477539062500000
-7.77633666992187500000
-7.18698120117187500000
0.46237182617187500000
0.77062988281250000000
1.19015502929687500000
-6.72998046875000000000
-7.42779541015625000000
-4.19381713867187500000
-10.50827026367187500000
-22.18597412109375000000
-26.68249511718750000000
-19.62274169921875000000
0.38656616210937500000
-1.51235961914062500000
-6.16357421875000000000
-6.60919189453125000000
-2.13140869140625000000
-5.30108642578125000000
-17.77716064453125000000
-18.61898803710937500000
-23.50601196289062500000
-1.67025756835937500000
0.11782836914062500000
2.15621948242187500000
0.73217773437500000000
28.94122314453125000000
34.22128295898437500000
27.86450195312500000000
23.10397338867187500000
-25.33666992187500000000
1.90054321289062500000
-12.83087158203125000000
-8.98007202148437500000
-10.44790649414062500000
-23.02410888671875000000
-26.30117797851562500000
-28.89151000976562500000
-10.43353271484375000000
0.11126708984375000000
-1.70544433593750000000
-0.39974975585937500000
-27.78027343750000000000
12.70581054687500000000
5.75180053710937500000
6.97131347656250000000
0.97409057617187500000
-3.73614501953125000000
0.19705200195312500000
-1.34976196289062500000
-15.31860351562500000000
-17.14602661132812500000
-11.78454589843750000000
1.62994384765625000000
-20.97012329101562500000
-4.02523803710937500000
-4.23046875000000000000
-6.70697021484375000000
-6.48211669921875000000
-6.51443481445312500000
-0.64727783203125000000
33.98455810546875000000
37.40667724609375000000
39.84371948242187500000
20.07867431640625000000
22.36257934570312500000
26.34063720703125000000
-0.11868286132812500000
-1.59805297851562500000
14.73675537109375000000
4.95861816406250000000
2.61413574218750000000
3.98022460937500000000
-33.95507812500000000000
-31.18753051757812500000
-37.41235351562500000000
-29.89352416992187500000
-31.91543579101562500000
-36.45721435546875000000
2.42089843750000000000
-12.60842895507812500000
-13.60263061523437500000
-10.33700561523437500000
-34.18951416015625000000
-38.99032592773437500000
-32.65307617187500000000
-16.48724365234375000000
-11.16650390625000000000
-14.64303588867187500000
-8.27511596679687500000
-7.33209228515625000000
-6.10559082031250000000
-2.32894897460937500000
-12.03598022460937500000
31.20886230468750000000
-12.11474609375000000000
-27.36386108398437500000
-29.96746826171875000000
-23.44757080078125000000
4.15338134765625000000
7.80038452148437500000
4.45156860351562500000
-38.01382446289062500000
-33.75604248046875000000
-39.83282470703125000000
6.85745239257812500000
2.13018798828125000000
-1.21682739257812500000
1.01193237304687500000
3.90924072265625000000
-16.35366821289062500000
-20.37759399414062500000
-16.45028686523437500000
-19.40512084960937500000
-5.37722778320312500000
-6.14364624023437500000
-10.09136962890625000000
2.73275756835937500000
0.19219970703125000000
6.47998046875000000000
-17.26214599609375000000
-11.19918823242187500000
-18.02832031250000000000
7.75906372070312500000
-24.41732788085937500000
2.30639648437500000000
2.59918212890625000000
-1.38369750976562500000
-1.59732055664062500000
8.41439819335937500000
10.84323120117187500000
13.04080200195312500000
4.68978881835937500000
6.23281860351562500000
7.23211669921875000000
-14.48571777343750000000
-16.49340820312500000000
-19.41381835937500000000
-10.94714355468750000000
10.43444824218750000000
-3.75134277343750000000
0.01998901367187500000
4.00256347656250000000
-8.83767700195312500000
12.15026855468750000000
12.40567016601562500000
17.49853515625000000000
5.19689941406250000000
15.73065185546875000000
4.53619384765625000000
-1.23275756835937500000
3.41220092773437500000
-6.22430419921875000000
-6.51791381835937500000
-12.12011718750000000000
11.44125366210937500000
8.87582397460937500000
17.31140136718750000000
-0.48059082031250000000
18.29129028320312500000
13.78475952148437500000
7.95013427734375000000
10.13174438476562500000
14.02865600585937500000
9.56381225585937500000
21.28091430664062500000
23.80725097656250000000
18.10302734375000000000
19.07458496093750000000
5.93447875976562500000
6.93481445312500000000
-0.10296630859375000000
24.45175170898437500000
29.99349975585937500000
23.66278076171875000000
27.58813476562500000000
15.55987548828125000000
17.38000488281250000000
10.67242431640625000000
12.76629638671875000000
26.90151977539062500000
20.03115844726562500000
25.59353637695312500000
22.42565917968750000000
30.06692504882812500000
33.76910400390625000000
36.44564819335937500000
32.06924438476562500000
20.14825439453125000000
22.31475830078125000000
14.72573852539062500000
28.99023437500000000000
23.21524047851562500000
27.96496582031250000000
26.35162353515625000000
32.78552246093750000000
38.03146362304687500000
38.96551513671875000000
34.24896240234375000000
34.00872802734375000000
37.36264038085937500000
31.19790649414062500000
39.84158325195312500000

0.00000000000000000000
-0.01609403834803968536
0.00000000000000000000
-0.03127469360660228848
-0.01586887298412509306
0.00000000000000000000
-0.02458568043627917810
-0.04681281911722368072
-0.03934447620894609976
-0.03413483540782269454
-0.03607765486518377251
-0.01918889945580415368
-0.04801697731625464982
-0.05477538973979312331
-0.06068126300107079540
-0.04934913349223624124
-0.01843631278217261471
0.00000000000000000000
0.00000000000000000000
-0.06350416494132682388
-0.07500184383962660295
-0.06894063408276962512
-0.05248370529914248017
-0.06312847339823413062
-0.06305446985296792040
-0.03498375204318815435
-0.03252296746133820360
-0.01828181933061567843
-0.04945118407030113516
-0.07822396315408630674
-0.07216308440788710143
-0.07779208265523607224
-0.07199293823843144757
-0.01603339592668684421
0.00000000000000000000
0.00000000000000000000
-0.08106918811392432866
-0.08100022481832697130
-0.08057977378600350571
-0.04447305437751869484
-0.04124309368836787115
-0.05487400379676288242
-0.07608910991255424250
-0.07097634292288074187
-0.06974366956741384627
-0.02125830717560894811
-0.01283036170644180629
-0.02724619782311155092
-0.03332235607526279342
-0.06265938833438522426
-0.05772987698715875693
-0.05255100580160732004
-0.06523451602980934183
-0.07847001733543262914
-0.07738178437032994239
-0.07132284983305853254
-0.07293177514257709326
-0.00974073971545541539
0.00000000000000000000
0.00000000000000000000
-0.02516221806404894679
-0.03472892213470091249
-0.02594320995666710150
-0.06527483312481269229
-0.07231566749053941479
-0.05519399866823093692
-0.04781905211118220311
-0.03743326810600300369
-0.04258869562941292042
-0.06430322880784855588
-0.05470435519526450907
-0.05811631101929137788
-0.03233033578615496229
-0.06267470324859147901
-0.05116040468088819959
-0.06451304235025162592
-0.01577398201967694646
-0.01208225287635145140
-0.00712528536206158414
-0.01890139764665887956
-0.05446829566220384722
-0.04440818430448131848
-0.03147031590989478322
-0.05520428290088993939
-0.04002220502402359381
-0.04015982082234464956
-0.05023346934076516890
-0.04760956381999659204
-0.04342040236172403644
-0.02333452878217356918
-0.02500186213830846160
-0.02870104210375284959
0.00000000000000000000
-0.00581790654245095684
0.00000000000000000000
-0.01876297437767149301
-0.01570536677883127563
-0.02049736846631089460
-0.01707918456794168399
-0.03019180323413531153
-0.00050948295158745479
-0.02127471419942061903
-0.03191257457518750784
-0.04432525283265092986
-0.04157023908712806359
-0.02465288441495477878
-0.03118282911071257324
-0.03130447452908513561
-0.03778087716875544455
-0.02460748337520651807
-0.02891947954136717125
-0.01734852293198577144
-0.00484298621752421790
-0.01225709384382622780
-0.00585315195803715049
-0.01091945290232498866
-0.01584261412581089434
-0.02102000952222482510
-0.00269887818738677975
0.01372238436352635899
0.02623729311539119147
-0.02383413194488409603
-0.02151374734181032977
-0.02169099476610969468
0.00948105161164802812
-0.02510819889833892926
-0.01939041146920722491
-0.02947629136791052318
-0.02312012360627452301
-0.01910914049483802835
-0.02140537557258342938
-0.02040238811704742083
-0.00725525943888383207
0.00000000000000000000
0.00000000000000000000
-0.02160755653632073781
-0.01933955231235784389
-0.02087673261674172220
-0.02673442558508831723
-0.02569219613866746688
-0.01712248109084037184
-0.00450113215830949542
-0.00390178293016642946
0.04123298088198176781
0.02909613927190402016
0.05396572255889953151
-0.01315998306978814758
0.03712569583923780447
0.04401450926998493052
0.02057382823411681161
-0.01267166952437959182
-0.01850334824574800807
-0.01517684671913477334
-0.01624050914633956566
-0.01610869712593454572
-0.02166623989413662965
-0.00993064869521431692
-0.02582773000803650909
0.00996290350009435693
0.02064199640148697834
0.00742858337224852616
-0.02522056040174308622
-0.02524686366805989346
-0.02068352342369300656
0.03197209161197600569
-0.03911953260905026708
-0.03362731324525047860
-0.02978551566210130286
0.06323792585440646263
0.06871146871535477318
0.05119207446097731595
0.05761353182545397855
-0.01006362672109312184
-0.00285871688731955884
-0.00211132724669538599
-0.00806720461417489987
-0.03237263797489409178
-0.01621441605759521565
-0.01174675486886458953
-0.01243601179918585320
-0.01304199655287174853
0.00000000000000000000
0.00000000000000000000
-0.01851075111753458513
-0.04507540903168316682
-0.03380880701728361526
-0.03555488855298993833
-0.04381923909439355835
0.01793980984624476971
0.01520774041851699621
0.00704880929148305607
0.03369240478273197170
0.04569236875350929372
0.04273600169149144312
0.00561812672909128841
0.07134840608673659323
0.08002855456065172124
0.07611826678019950609
0.05962438710907896899
0.07048938006693999947
0.06831703425669438667
-0.00706451292222830263
-0.00172397210145516094
-0.00156034760582895657
-0.00690978478452661249
-0.04376823699412851765
-0.04330133241702899261
-0.03340768377920416699
0.02813576126420844203
0.05671894925869364057
-0.03260259647596952526
-0.01609860548971686622
-0.02755449446897362265
-0.04155060970459878433
-0.01727773026624621067
-0.02251506373343298284
-0.01426357476673095759
-0.05755238319574962347
-0.05263233893013674614
-0.04862541675450926526
-0.02949765923318586891
0.01192262616696657118
0.00993445569409673324
0.00456725108842956362
0.07749875767578451313
0.08082945217725751030
0.07825581284800742221
-0.05296424333867871814
0.07529303910039703007
0.00405157227797375841
0.03202276263299724812
0.02374288927404860639
0.02083572737002484243
-0.00772139775917812798
-0.00160522897334089421
-0.00181276745207817336
-0.00880737668863657008
-0.01827134034972810461
0.00000000000000000000
0.00000000000000000000
0.05204302688093453977
0.06341340078171608940
0.05682192011682812849
0.01655813971597025480
-0.05534384814351445137
-0.06335562025981578138
-0.04948392858791772486
-0.06290232679079477141
0.07809048533379414625
0.08105234483838397175
0.07528175610399034934
0.04228145668898669607
0.03825743221769506430
0.03125064107146352521
-0.01821894501511683861
-0.01788097311855883775
-0.03294224866926798168
0.06926102775834519498
0.07217683720141665482
0.06313566382017099521
0.04781313365151529382
0.00389469339110007362
0.00909271508759743052
0.00955989171527110715
-0.06428343735687114258
-0.05782278571925919541
-0.06923440660828678039
0.00442469958342051745
0.06246261038318556835
-0.03498633629772152087
-0.03614853793567385232
-0.01845038048246294693
-0.01053892923396303194
-0.00199072133556951053
-0.00219149152150892659
-0.05253297055313832509
0.01917982725272621147
0.01764025869699098470
0.01418860305899538599
-0.06981656460449248147
-0.03094542171886383031
-0.04527565206102787676
-0.04688990200368581274
-0.00906100642836850378
-0.06083304772270803351
0.06104259502343989396
0.07258377096322510269
0.06929492710646023568
0.01405108045469311007
0.06335697941151874346
0.02892436067117876153
0.02317538885875919386
0.02418116245378471030
0.05213750714074205650
0.04480516219000829636
0.04328334913622067237
0.01278892421285099390
0.00477222510115416637
0.01073487078904469816
0.05511676150905375771
0.02066184735344195333
0.00603738201465669339
-0.01921827010340437791
0.00000000000000000000
0.00000000000000000000
-0.07588164639039529646
-0.07862578783545060013
-0.07249426449426754626
-0.06116148226535256249
-0.04962966091381992850
-0.06347407132509752525
0.00466788186232473118
0.01353151932527915657
-0.00200460268458932910
0.05508944178187236140
0.06380919742342960888
0.04700027009458274119
-0.07281001573229051171
-0.01066081399669709801
0.00015690590473966311
-0.02406932208196645162
0.01577224579807204319
0.01883606295503376105
0.02275481517758792815
0.03307485375213170542
0.02644912771401330964
0.02524984664155371927
0.03521918607366403275
0.04958220721721262603
0.03617953068068657796
0.05250617309731608895
0.01892796483667638641
0.01356622359997779192
-0.05865609390155851477
-0.06945331528663084564
-0.07134056838404656542
0.00828127603906764209
0.04153672448131140449
0.04941826774865909488
0.03265674551302655271
-0.07804476680270866495
0.02136347055079818036
0.02359351970353690264
0.02071336350231944845
-0.03146762450759255092
-0.01595551408452622333
-0.03426904418439058464
-0.04834360305661067336
0.03504959505588856050
0.02414774319886198173
-0.02819889290126975645
-0.03879708145867574731
-0.01328156555732299543
0.04829134422812408900
0.03952375182479805904
0.03143895550347963752
-0.05247675740910523468
0.03453696636339281811
0.02565353177275980778
0.02274012029697686232
0.03428300619728730236
-0.06950825253281511795
-0.07836708648918688791
-0.07557658309823045428
0.02798002923929721053
0.02074160997811136387
0.01899542601775927597
0.02134113204450494017
0.03370972303640284995
0.02166898130383221321
0.02572921765205415934
0.02161817259427911697
0.02759714547641378690
0.02931205445684315070
0.04721088871606135551
0.02573999475024808803
-0.07656417270779530826
-0.08034451393301950128
-0.08118432928833724249
-0.01619145449586434360
0.00000000000000000000
0.00000000000000000000
-0.05519959891698644761
-0.04716609441035979344
-0.03961993759139903482
-0.08136657302743566245
0.04159633221033487427
-0.06403954763644237325
0.04159227346755134391
0.03174549363320616768
0.03061758828591398807
0.01618443566283611634
0.02466607422999322896
0.00000000000000000000
0.01834834419111541770
0.01845913835851142881
0.00000000000000000000
0.04014136410685625878
0.02958295868514228266
0.00077927333760777380
0.01419403668576327271
0.01593687546810707012
0.00000000000000000000
0.01925414014261150886
-0.05441372086980672540
-0.06383405640009909288
-0.04236665899328498353
0.04107982083655559169
0.01929838979503362140
0.01234433366288500977
0.01599472810147939406
0.01610379227112856970
-0.02475119549223636639
-0.07166491161667010168
0.01611398725164481238
0.00000000000000000000
0.01309820875471567891
0.02135435223559867257
0.02790264905007966423
0.02620407616810382923
0.00000000000000000000
0.00000000000000000000
0.00000000000000000000
0.03575518485442297223
0.05533077204538888738
0.05357054160003571486
0.04546922999923524999
0.04935581156591994922
0.01565565276938208489
-0.00022041298706858474
-0.01506747011741681186
-0.02966692245224103464
0.06033152224245880157
0.07059655560472344327
0.05389612429467852128
0.01618914062555543154
0.01114561790455581569
0.01263541066266338220
0.00000000000000000000
0.00731126606509835408
0.00993625865194547320
0.02009501687374137813
0.00000000000000000000
0.06410107539843795665
0.07100967909582106552
0.06246007224218508291
0.07277997816576503576
0.04631975220449635611
0.03712658676384261724
0.04664507866761802291
0.05948472649447344995
0.05153585651407482926
0.05994123472453194434
0.04288277118001609933
0.05418654049333554434
0.02927294347078768233
0.06456183795145609139
0.05408501344291449797
0.00595027486046895149
0.00000000000000000000
0.00602234229583675784
0.00000000000000000000
0.02699737394178070016
0.01668376056631715176
0.02252550072358550093
0.06634430036474858738
0.03513930791393204967
0.07849070771603217089
0.07856163203207100487
0.07634432779065336572
0.07712802167100041295
0.08053807127773138230
0.07174072170782075375
0.00752158800323443621
0.00000000000000000000
0.00000000000000000000
0.08133450872938768894
0.01031793947921899601
0.06278336422640784509
0.06978668474861282611
0.06335348598149992405
0.05584154819812181536
0.07201487389459748645
0.02829384693878411738
0.03284123190972976225
0.04250980253630698424
0.04917716394143578640
0.07806438543176430489
0.07539560228186958923
0.08138412176976389523
0.00000000000000000000
0.00000000000000000000
0.01357643845581824049
0.01630636802890372827
0.06271004769925114797
0.06044188647337733755
0.07213843798583807754
0.06905236465591946260
0.03564685304481995942
0.05183847749143255523
0.03482200239620947269
0.04897021409036994566
0.01836334008886308933
0.00000000000000000000
0.00000000000000000000
0.01822403226749746974
0.05463888046777265473
0.04689806034612220564
0.06370671966151841836
0.03106366649788250278
0.04770475038511268195
0.03378856521901385523
0.03928142398522616041
0.01893591050911280771
0.00000000000000000000
0.00000000000000000000
0.01575982994088398481
0.01597593460485569050
0.00000000000000000000
0.02461156359076033251
0.00000000000000000000

0.00000000000000000000
-0.03145518668959790265
-0.04786806229295637038
-0.06153483426529560152
-0.07723788670607822926
-0.09196375216116481344
0.00000000000000000000
0.00000000000000000000
-0.03123312896499441660
-0.09591008784903831685
-0.12416694640446590547
-0.10963430835527909757
-0.06789958985951127790
-0.03811956271037497679
-0.07311109659967129915
-0.10031309452925440961
-0.14118546028183043273
-0.15446433045290364205
-0.12813933550291056740
0.00000000000000000000
0.00000000000000000000
-0.03729386634406173240
-0.13259923229218761875
-0.11067027815170249472
-0.13750086734394717514
-0.15044987325170189330
-0.16340032932548920197
-0.16169594994666314225
-0.15293045403357041767
-0.07327169490235874161
-0.07348805096936561476
-0.03893656681950119491
-0.10882618536077515170
-0.16715482685926447148
-0.16377681528810150713
-0.16775454361184050089
-0.03730720106355700505
0.00000000000000000000
0.00000000000000000000
-0.14633243629166525768
-0.15863537648667586089
-0.15168611733806236508
-0.09929444264256981345
-0.11642258928853410627
-0.12727931856276453182
-0.13549498486374145223
-0.15328344144539041149
-0.15956428790715398991
-0.14393206103341305013
-0.14220891857103645783
-0.13604705898185698310
-0.14235612902888605813
-0.13136737807304221803
-0.06981388344459660278
-0.03564038020315496436
-0.06626509735850771854
-0.09372461330823345094
-0.12056817878078660011
-0.09979447320232914809
-0.14036362011267805583
-0.11121814175043687190
-0.12192688188753414424
-0.08421807466825384503
-0.03392942219648931168
0.00000000000000000000
0.00000000000000000000
-0.12546203538672517919
-0.10238818203355193326
-0.12671803151656207964
-0.12239999537042356437
-0.12050467486287375074
-0.12860916194679816726
-0.09533689612501083932
-0.08940623299893746267
-0.10312530134369057855
-0.11010258811414785907
-0.09543490190135819895
-0.04771950204623888470
-0.07447537516072627595
-0.06787242298720774780
-0.11381345508831020030
-0.03395174103540743449
-0.06240991074391299964
-0.06431167618511879347
-0.10568974737357139659
-0.10528719838636574346
-0.12287463221276617720
-0.11704624004175906427
-0.08508636022851623348
-0.03432394863093130022
-0.05803073625254204226
-0.07008570914576725541
-0.05080452566395757263
-0.02472731611270966717
-0.00029666263990835504
0.00216315045013114240
-0.02162213001694592712
-0.04150112380330688022
-0.03272713910689928341
0.00000000000000000000
0.00000000000000000000
-0.01760359427548722350
-0.10471517715700312534
-0.11273965649720485427
-0.10887336812472803160
-0.05858732988303516631
-0.07951750720123756944
-0.08463798986229181809
-0.10609652316270690164
-0.04784227173242916464
-0.09924780224677343110
-0.08533981693995151829
-0.09807068494474480147
0.04969768949606891140
0.02546803255682954931
0.00100474203326625941
0.02485360264779277323
-0.10233654089026567036
-0.06120405660920802404
-0.03322934189355575274
-0.06280824981286303732
0.03997562790554515244
0.02269873816477971373
0.00289202202516177648
-0.08497829696643588449
-0.09286546351200986038
-0.07459181171576556579
-0.08934099233725045774
-0.06744734799621296406
0.00235330178175251637
-0.01456882136683292084
-0.02858200210880633418
0.07518119036185472170
0.09922952600394652212
0.05021009967723588652
0.01976462684150586541
0.07091795137587195152
0.04572539006644012194
0.08798005479172257837
0.06283626414616533262
-0.09545045195506518532
-0.09855248971295171856
-0.08786197017663271991
-0.03419065825259837155
0.00000000000000000000
0.00000000000000000000
-0.08136470999609485277
-0.08595563546418782952
-0.10280275404154204377
-0.09844238785306380635
-0.02603640102109966437
-0.04118213096164569098
-0.05158742080886391523
-0.01277047177067107409
0.09697612329865265557
0.13640041142608028135
0.12089086151375505462
0.11352954704426854171
-0.10029807968722614930
-0.09965262182248596501
-0.09328298409773883026
0.06421367199684929750
0.05359278676671938579
0.03401787924561855414
-0.10505015678041274008
0.10750197435771191579
0.10005858162484604357
0.07594826416690136917
-0.03511748870979947146
-0.06835318581173166486
-0.06510859820884695726
-0.09099594500406227304
-0.06135842516412243208
-0.07101031866811796656
-0.04974316704951647905
-0.03814077780267957629
0.08498903793869899692
0.01578580914107062527
0.00079560712930696730
0.02752149893744580689
0.15338746732221392177
0.16344047620638046947
0.13986706592911135605
0.04473524751175519953
0.14728844490683379309
0.14495572991139521468
0.12424601218802922009
0.12946509354527052649
-0.09045321178200738110
-0.07533832207514656876
-0.08118079023541746597
-0.10480337256083915864
-0.11257646372013796476
-0.11244653540592414176
-0.06201364608794737721
0.00000000000000000000
0.00000000000000000000
-0.03706841724988652054
-0.11048472172121304169
-0.09677665907366939102
-0.11901264531550603820
-0.01280615148676563647
-0.02578638099086195956
-0.00048779656326647792
0.01306738774772597811
0.11315682600346815834
0.11285352818382837770
0.09313381993432590100
-0.09350656259002915194
-0.12270518153330811639
0.16306385075801943518
0.16686169802873235257
0.15968284088411710542
0.15876842439988930744
0.07419357214771493680
0.06959649147010160686
0.05229388789138444960
0.13715162040330292070
0.14350437370701618622
0.12841729313482458386
0.09383420814313586655
-0.05301461027239773305
-0.02753771862884416000
-0.03861392900668692008
-0.07189620350615166799
-0.03834490627777764615
-0.07502361271904611772
0.12591903853994873552
-0.10253430810253572059
-0.01368919432501097821
-0.09150519834319281731
-0.06233164557142753526
-0.06939261912478261740
0.03729488495065563791
0.02376189471307427192
0.04686223771968328622
0.06007338748687485186
0.16122075193665685866
0.15410839179029212076
0.16737762466694000585
-0.12498873852927394612
-0.13146196214589112028
-0.13628108700956192978
-0.04374452967912431656
0.15146906257777636995
0.13735340215576052891
0.15262281987156567364
0.14272026500762780010
-0.03998987525099317875
0.00000000000000000000
0.00000000000000000000
-0.11131131302170532704
-0.10509379478374192285
-0.08265427922491369594
0.08932565631669303619
0.09825025437296164288
0.10395468576264266236
-0.12894566990712696963
-0.10954812117027512564
-0.13750587290799731743
-0.12671861841826836947
0.01224806877674588373
-0.00098228049030492717
0.02557119260334470012
0.13189346439660531995
0.12329880609297172445
0.11914717681803976834
0.03622230673201864981
-0.14241844289132721268
0.14989697917676947370
0.12378694887171282080
0.14082499431246342514
0.07610979845195287030
0.06420201943965131441
0.07910212586504550281
0.13232457791139273784
-0.03173479783337442017
0.00006872070146307456
-0.01458139571186742312
0.12891907545716951855
0.10426728146787422880
0.10276018209158255257
0.11295817453808187913
0.08996888403546293711
0.11057150577231833477
-0.07346687616140346044
-0.07458065763338028731
-0.03748944065046511120
0.01358199648216273925
-0.11091788377058986459
-0.07262209917146966731
-0.03622850009228774371
-0.05085273502742779228
-0.14248550480638288995
-0.14612904536739507178
-0.12757605095841578757
0.07072925465646545673
0.05837679868097300773
0.04938825022426199252
-0.15112222381711160057
-0.01661686746247143659
0.07446261369900969429
0.10932386621134126958
0.09172334195726017381
0.12780565523400044814
0.10234227564001008304
0.07467271959561727623
0.10925688818670431512
0.07315553876813440937
0.10009426764710549485
0.11058169181136234815
0.08890707914315498783
0.09696087877341430517
0.09581781396749261548
-0.03835081762545977657
0.00000000000000000000
0.00000000000000000000
0.07422677866083049469
0.09973756707436487456
0.09494142307207842357
0.09708087758658034971
0.04204044819924998566
0.03112699442697922092
0.06050831672069156841
-0.09735978522093069465
-0.08498848503353814698
-0.05927808121108091299
-0.12203897382594924848
-0.10038691687892475901
-0.12405595007230474369
-0.13260591435298130225
0.06581863382732541790
0.08664107065069798219
0.09069652339135936270
0.06791359735253821306
0.09665596198719605958
0.09978353579558096875
-0.15828674853408930545
-0.15267941867698664460
-0.16302345071029111789
0.07148624932320746250
0.00201479254040548041
0.03997827406901278968
0.01847677404503923065
0.06140077879472416456
0.07705206014849697027
0.09563284084076884017
0.06786136745403004156
-0.15009689004935344858
0.05152482959356791126
0.06155458236281186046
0.08543275006180295339
0.08235148958827909205
-0.06811991462437527733
-0.03124367460852783829
-0.06157484345984565177
0.06429594798606619310
0.10258475530221405903
0.09883709219485214970
0.08642348977049518766
-0.09588727676250841103
0.03733573040905779905
0.03974806745904735372
0.00000000000000000000
0.08462160671886098662
-0.04187801289016886142
0.00223552290486879295
-0.01868826214240854738
-0.14378014748936102096
-0.13526401316671843311
-0.11140107427962719910
0.02290038783186702093
-0.15917234204726027347
0.10491102120438033918
0.10793219213122218214
0.09912510575979616156
0.03674220982524400991
0.00000000000000000000
0.03817779009886290709
0.03139684073416870724
0.00000000000000000000
0.04774435282780797873
0.03816557689334532100
0.00000000000000000000
0.03115884085531528402
0.00000000000000000000
0.11147912604676957216
0.00000000000000000000
0.11198419069835702233
0.08521626326361741999
0.07881722929932533095
-0.03149678383062082254
0.00000000000000000000
0.00000000000000000000
-0.16132980879584191136
-0.14098054832235962230
-0.15415773927343801031
0.10748728966208387359
0.06291823181100519857
0.06103721364801906191
0.08289019833846500429
-0.07716269781835727315
-0.09176591445149040460
-0.10952356826478959473
0.00000000000000000000
0.03484757317947229094
0.03339963036320470202
0.08907787215752360765
-0.06831202706594285967
-0.04750868033456488726
-0.02138240428615429539
-0.09516188866561531290
0.00000000000000000000
0.00000000000000000000
-0.16677769799825753472
-0.16336496919731147148
-0.15294165169582807362
0.04702533329289951269
0.09025389890873786181
0.06379780977468632597
-0.12786744186360865516
-0.16740014879195391773
-0.04776787167064155959
0.10407141464122698915
0.12550002201534327106
0.11800785715047268365
0.11554065227182686026
0.12341084426828119458
0.03308415748125959066
0.00000000000000000000
0.03236584268075970439
0.00000000000000000000
0.09452463616154838100
0.06890176772134171124
0.06543684428162732658
0.02529172017331351302
0.00160285479986077735
0.05070173800467671354
-0.09904666982578652634
-0.07398636930394589251
-0.12018120887656802420
0.07284361407157369239
-0.13973244019817182560
0.12711193681015053869
0.11887293151446365336
0.11405040350744555244
0.09596632477079369838
0.13263027518967029916
0.12682649221592090516
0.14958580830393169991
0.13325286250961998480
0.13211629459140150633
0.14036158706926205042
0.03422663997319586038
0.00000000000000000000
0.00000000000000000000
0.03543271226048483324
0.14656113822341443331
-0.02439998585416330162
0.00025313047053929471
0.02631988654644595166
-0.05012300951786849423
0.11548682566468870814
0.09839458763248068451
0.13803646424497911793
0.13305227586316870081
0.14718075192802748674
0.07358501022816488213
0.07153807172754522714
0.10076394612821970576
0.03729186730605538180
0.00000000000000000000
0.00000000000000000000
0.07590643790913495503
0.05065770243241399240
0.09963326762404700609
0.03750262526317582612
0.12214810138031056974
0.13663014477720059059
0.12833167034859005451
0.14294572870274646625
0.15225120925188639909
0.10794412367872352476
0.16098689960935330667
0.16377038016082912097
0.16003513771371147278
0.15281193080440880205
0.03906314250857367831
0.00000000000000000000
0.00000000000000000000
0.14043507557092027582
0.16418276628971584241
0.15450425241813320332
0.16776842054685864314
0.10928258021915360221
0.07236602232279554237
0.07327424534254411981
0.03684896326183295656
0.12347805769575659340
0.13156078986887376203
0.14995452708995671287
0.09953807868672281955
0.16172012135063240645
0.16819332324475155804
0.15481036185653951343
0.14107375592547599652
0.03770117392444527482
0.00000000000000000000
0.00000000000000000000
0.06116059901975368085
0.06732802658300796050
0.09524337583889441738
0.03102918671312693277
0.10919869407639115622
0.12827138411625216285
0.09199668689948758971
0.07706937357741883154
0.03124748631320017900
0.00000000000000000000
0.00000000000000000000
0.04786364379283936099

0.26039682273574077387
0.27419649086669306559
0.28063523601645878891
0.26934542717756249086
0.25848258442611649066
0.26955544135066838995
0.27122766529888192588
0.26447526239296820227
0.29051121497420456796
0.33275938793704551433
0.29971919708702943197
0.30478228397120155080
0.28475502938637631267
0.28204374024937306498
0.31247639303893254281
0.29055424977121052654
0.29787865392650214602
0.33110348706664927132
0.34290901278788621376
0.32188629436705190612
0.35461848113338523270
0.37280998121415420687
0.31927024477969079275
0.34586914266166240983
0.29168874292408225601
0.31952426509745418537
0.32015003015992993252
0.30790395443956103394
0.37764139078057312737
0.36151856014330613354
0.43136325999199864878
0.38694352768407958010
0.39056854613145641775
0.47003710414937605044
0.41085778548365819995
0.41960736576406437726
0.40362322744742107350
0.46933599843577888944
0.48715585971027336454
0.44939545253597684704
0.38247070501395274977
0.34557955082925573276
0.33945576716309661114
0.35286660787807105910
0.44008211816847109255
0.36815861737792687780
0.40878376478980088526
0.40189284597689090006
0.51510705753649776995
0.56221882571380754623
0.45077875377853077188
0.50468643074164321050
0.39254265998024290285
0.35385066244485674503
0.39607036399045025821
0.37775092497358891963
0.65346935881123047185
0.55099060374511599214
0.53257596437243359677
0.57644606714061008557
0.44756646965897112223
0.53253075334187272016
0.48729341734104236750
0.48657287198408066820
0.73030973332572735046
0.63508589687788152833
0.58460581458674831801
0.64660437845561669068
0.74882396767609293864
0.60283160885396724904
0.70815922793216956599
0.68445082702480963821
0.56759772286200793623
0.68700564171026412552
0.68613097187881877392
0.64628995167679870182
0.54408156448881872524
0.58098266455865732460
0.65862469359802888746
0.59320978116707423489
0.42742508844895782394
0.42553414752311652380
0.48351975782856193575
0.44164449800701544024
0.45569560350240162494
0.51394491635855588108
0.53793717148804198747
0.50077376312282217974
0.79940807133234126347
0.86033213865473245896
0.70866495064322687636
0.79032990136052239105
0.83088382593554444000
0.79355152923205762860
0.91383749667864966337
0.85006181791312740437
0.50234424306597358356
0.44865064874358323577
0.51073496221282799201
0.48404126659091228913
0.76385169631155891423
0.87645201764703095648
0.76967015292033502671
0.80492792442016947163
0.63432469933150226193
0.74613278584907916091
0.70670449191268391864
0.69534679779618224771
0.91089770226206789872
0.92754510523260591537
0.82023876029005915456
0.89130693649920988975
0.56812818573635215369
0.67088054194657120721
0.59103702678190161990
0.60805713594945220990
0.87469370277024927063
0.96307678533468443760
0.91963503508183064294
0.92447017418128385469
0.96730565696225312422
0.88628248702604472964
0.94808813886658449555
0.93983434519792041772
0.63863418213672895618
0.71539242521797197227
0.74711884454489163598
0.70108824623740007009
0.54884829067400775493
0.62039475564815127484
0.55097301583614788356
0.57016277582824637093
0.90254059426050203818
0.90125433929119069809
0.80657363916709745588
0.87378666136524119068
0.87913955902595219971
0.77921828370622781001
0.80055397584896981211
0.82193663120052529170
0.69152903983572799884
0.58590580694402472073
0.66131794438343327602
0.64670047757491877505
0.98831580896437198902
0.96480164709799076661
0.95336470804677064805
0.97195544593678151468
0.95746138227510346752
0.98133421725212333087
0.98941024717898407026
0.97999086126972889677
0.99448859471459261083
0.98579996227960098309
0.97660223455679895377
0.98798275486799458367
0.63013632620235693338
0.57225373959548220260
0.61389273068391725374
0.60416022181608719510
0.99387503744432748043
0.99546761103279701732
0.98080201148130985445
0.99225713695643014134
0.87236377386794872191
0.80080446781538927592
0.78058650943946628065
0.81947336160361738955
0.97982988595685782673
0.94559085318539382037
0.94254056924899565217
0.95855523838473366549
0.90074408794992477656
0.90468775958909097845
0.83220230618490609320
0.88006411758180358440
0.98792112682319643824
0.99102237203614751415
0.96389255722087241463
0.98378328869530395906
0.75282093185104348443
0.71580128847304436146
0.81052852859221802273
0.76174600289403215925
0.99059284134489344886
0.99216462573995523044
0.99094871406958451310
0.99266030179878528283
0.99156459124120022164
0.99200628889565567459
0.99520698691810027814
0.99441402270208756331
0.88758423013286213976
0.79647608644374601194
0.85609917735726581700
0.85126518441139975568
0.66879784285398835575
0.62861380152164403334
0.67310504173312002418
0.65629461274517153502
0.99676720129337492704
0.99687923633445374438
0.99729995582588637504
0.99747006860422871011
0.79803754173205365685
0.71248687165444024583
0.71846075957456767558
0.74614547132647690564
0.93763570998140555179
0.97437523197213649073
0.94181423341062953103
0.95406270864464859383
0.98509119356337082607
0.95640040032298201389
0.98293132888712642092
0.97688394240416542846
0.99890079742658988149
0.99656300415673304549
0.99520213115107958313
0.99741844388816136568
0.98050258769004505766
0.95627309968396267958
0.98917510092700589031
0.97933277628176129692
0.99889874021560787209
0.99742622618762522002
0.99790176401176478027
0.99855609640807019289
0.98453617379396984877
0.99394421664484289280
0.97369441077087870440
0.98655562393100315610
0.99235309238090518846
0.97770460604425002415
0.99490092694378318150
0.99071472503276458710
0.92573955182195044600
0.90033436826177382084
0.95899254943562861619
0.93303105834801025598
0.63707613860985701226
0.61642046892439039674
0.57868501096321667276
0.60940272172716025700
0.94722816665107933964
0.97389887715272116520
0.98016576541047428783
0.96944112804816051643
0.72847187565352333749
0.77661629970744783247
0.81888102941046303496
0.77691606250203781858
0.99829857220065765233
0.99366897979063695256
0.99218441890409725392
0.99543770363810402113
0.99919713694161971240
0.99650438225664694780
0.99909924242680514528
0.99871795065351987031
0.96120735450311634018
0.87077482582821918999
0.91756198853515380520
0.92180624703852520607
0.94352788502621276479
0.88141128108846578115
0.96496530263576596465
0.93579536279542230304
0.90456206162639640755
0.93728285900918240081
0.96093366502045629574
0.93906336040569127199
0.99285091776931011509
0.99527926441362213339
0.99860129476116277214
0.99637320628833903058
0.86619408080730853072
0.82501495057262508315
0.90833934592509157913
0.87244264713924302157
0.94561753824939509538
0.95962749689908266593
0.98521138427481935729
0.96661141062956035253
0.55712533997233804062
0.56569891734395094662
0.63208026460408084368
0.58169481802687161842
0.67702332286650113158
0.60661846206247482804
0.71906755526435417458
0.66857475599213622708
0.99030555258081731651
0.98620235559488622634
0.99642099430279562622
0.99216411240143898009
0.99426981292056715311
0.99821937125091209086
0.99880623894321285405
0.99768914425570787152
0.98252190525298632728
0.95517614800984285139
0.98808506387291339390
0.97808118467289706377
0.99948497015482029582
0.99965668250653361149
0.99961101529011031630
0.99965079219669561450
0.79573999487615298953
0.70620729535313730985
0.85782905255728825189
0.78743834468661677572
0.99482970879796295272
0.99899291517368493665
0.99885517040499682828
0.99825037373705138855
0.78522768497946660027
0.82460602715586217570
0.90715977517300638855
0.84242730676530952483
0.90149377770508620777
0.81118246084259848505
0.92030562851800312707
0.88241550277338565156
0.95470079851023470496
0.98120379259659795679
0.97632023303289405813
0.97252201950491845572
0.91017670538073591757
0.82247121133843170693
0.87603545646507741118
0.87196906027450538090
0.98683435504171768127
0.99092254896130138597
0.99652612048672939427
0.99279462467084444999
0.51843382666065740416
0.45505848046178998256
0.51383422874558615234
0.49208419676001152743
0.70918318911357325351
0.59255161995955518695
0.63095705573983629222
0.64370084363326451893
0.99960335427270863295
0.99933295529012133862
0.99989424942928317730
0.99970836269157303811
0.99977080319124789209
0.99991886733920254393
0.99976129404789804145
0.99987847870497892355
0.91739171160068699873
0.93183583462104024875
0.97103993842545288651
0.94416145141837493071
0.94070434476570485849
0.92448450381751090532
0.97300547269026482766
0.94995998661354497106
0.76364028019707763661
0.68932172081613429793
0.82048578369863967019
0.75758786114505238807
0.58094780569464987696
0.63257778808553910554
0.72601602940870191283
0.64312737652563189972
0.70098352274213759916
0.59809763781935787463
0.74297125925608376029
0.67830564649986935244
0.99043848087336527897
0.99078042736241200839
0.99793543797617356717
0.99396628303978695751
0.74981871490993523555
0.75990189852498135625
0.86342386209731147861
0.79161487113986772624
0.93627409757124635536
0.97836564909543688451
0.97866221813789333606
0.96881979754429292662
0.99427641451893955526
0.99879361690903234461
0.99831589927117636574
0.99776141065534729169
0.49588441549194867131
0.43173534780416411571
0.43606327527067728633
0.45024622170001632471
0.77752453833648960124
0.88442176010138506825
0.86192845714881238806
0.84164096757595818765
0.56543279723706041384
0.53282371496687053192
0.46761094224323029866
0.51905165766826677487
0.99934691089326244118
0.99962171065992322383
0.99989926069203050041
0.99972579793572635687
0.93948102918619591506
0.98040744114680500321
0.98021770026518384444
0.97107896209392474685
0.99962263818033381124
0.99991218305762252783
0.99954714046239412362
0.99976394289937042803
0.99875268614979750836
0.99874216151564287891
0.99425630231694628325
0.99793635880907716196
0.51279562937062439509
0.44989924485488758110
0.56032792192300229228
0.50313629686384786499
0.81435243460962158935
0.67954312059069099661
0.73141639791528034742
0.74101927717342397361
0.99124639527273383788
0.99185317311461551615
0.99814092160544465315
0.99456779870116762687
0.64589216046625330669
0.52677707081403846168
0.54630529382978887387
0.57011075107960207387
0.67876609186412739660
0.56235006721380031980
0.67681960260901119497
0.63905436094362111366
0.39801726819053045991
0.40065751339868777015
0.35643797004932881167
0.38165200786238018260
0.92184850643499283152
0.93736300582642806400
0.97383843558317095823
0.94848370480821353468
0.97210197620867011548
0.94098422706838580343
0.92180011078705770267
0.94893483231034414516
0.55423958483482227422
0.45766406059966829867
0.49302196476160292660
0.49779553670281040390
0.86774369962994579719
0.78498923944738618896
0.89143357889786278836
0.84872230596791820023
0.99993243977312773474
0.99979109677618005492
0.99983870074340419620
0.99990504293490178878
0.72460194026354562968
0.80908723651521630149
0.67460768943532944952
0.73517309567953714744
0.99975191200112922818
0.99960542669939367322
0.99992203385269207150
0.99982028561687930068
0.67070972595814815076
0.60932014024123282159
0.54853741395547528370
0.60929330909219370227
0.46808720250428631493
0.38967430731380237052
0.41017352112873101122
0.41857127356311996103
0.99189800736556477112
0.99776548217224159121
0.99255127643714835539
0.99488496958441374751
0.46588560528675415640
0.40238778171438377429
0.48400502948949092330
0.44693936811607032356
0.99552408396399361123
0.99911774724815571869
0.99899972760835464847
0.99849863666574067977
0.66417687619189702541
0.60445678555797421883
0.54375646134008426280
0.60378621261225351446
0.90926804916853642968
0.82103569152880184756
0.87445368257847433391
0.87074883143098946725
0.98223440644253801057
0.98611764514016497785
0.96103826545669557291
0.97862289614646624791
0.76190330637681080717
0.68510224225275739851
0.81791440760242473118
0.75512780946343227573
0.34762779678890393109
0.38700109012081851390
0.34158460043516464255
0.35542879814422317919
0.99966751819819554825
0.99953596885220941104
0.99973183207747684520
0.99970410578150792347
0.37041758626790038944
0.44318732935657101368
0.41475398450362710445
0.40591840787140254232
0.95964223137531190488
0.98973146325084770947
0.98465291911699437399
0.98070294751064235328
0.75771828321975998044
0.76836109676011088432
0.87120239886323791456
0.79987992675997932057
0.99641480229165657612
0.99902801765576831894
0.99922194857044288607
0.99864165573928431741
0.68606854370959646783
0.56759871111156923185
0.68428332767103006162
0.64581709458297487103
0.99597904310260354510
0.99876523576503073443
0.99386145036647099982
0.99689812794347210101
0.99321916048043512593
0.99802845015238950133
0.99445663291228114655
0.99581585573949493728
0.35420071945845549299
0.31920672816282497086
0.37244032532657073142
0.34563483807508116330
0.55006554176265420875
0.45475701516132865931
0.48931495510722361475
0.49413408502553540780
0.36168313224955489504
0.37688490953553310803
0.42968313895629534072
0.38648874971120711352
0.98228266585281109879
0.95826156593215061630
0.95479561977264038042
0.96869643626977086637
0.32140664661337370323
0.32092191230154099024
0.29231999770189481813
0.30893757498573609643
0.36892405244290110700
0.44036042550124687711
0.41257817170913896332
0.40383241378313800007
0.90398305131224976350
0.85510021715158202049
0.82140823201267665343
0.86541020958696635024
0.99925618583957598329
0.99917513544884128951
0.99632216308760224166
0.99875596676073863378
0.95083548209386881123
0.96382728026311670355
0.98718034263291631891
0.97030913717894706760
0.92645804186450109174
0.90867911439910808991
0.81944071248194461088
0.88984000518177597261
0.36309284824839577199
0.37840571929258809414
0.43223926903239756614
0.38825651418053624964
0.99429998602876834557
0.99872316585851972359
0.99403730905218001812
0.99635548375307636526
0.98762099765991873124
0.98773730219639610528
0.96784466651375955504
0.98316112972087343902
0.70485112424252482910
0.58735169199742764956
0.62665332214072477779
0.63868110271253031307
0.93276711929955347102
0.88234269775195450780
0.92891423885183144193
0.91810760441062999604
0.65253920983050761606
0.53126803645640441331
0.55065501496145641269
0.57524668558196012658
0.56120205977721282498
0.52881085645604075651
0.46469092524641558706
0.51530872898809532145
0.99765255169748912056
0.99724190961668213173
0.99886852432924400080
0.99846286442653120474
0.29051882023099867558
0.29969912563213602086
0.33252587481346418397
0.30475164730646814304
0.29789913143773494308
0.34263421119588960417
0.33120151782412282637
0.32184209006390268604
0.46910323094069694694
0.40414493189318817512
0.48707928324915339413
0.44953862704570191067
0.99874877003097617401
0.99522886774309482494
0.99419436929955395943
0.99668875278198176826
0.71856119705095733430
0.77025205225622528360
0.80898435204988961011
0.76837870878004033148
0.31338132744902291726
0.28251888981871492446
0.28518630239626696632
0.29109922435751200975
0.66803512308162571465
0.60080275061923427149
0.71234978526706638213
0.66067124177002656271
0.95094414600741350441
0.95458220355179768113
0.98195640920963844778
0.96479320181979344451
0.29838076363709270522
0.34363354296316056535
0.33214677189659852496
0.32261750445812797938
0.34650621579367346659
0.38540104239484035409
0.34067635573248217229
0.35428131934585799234
0.98704088013350810282
0.98570295829068799165
0.96172588027503003172
0.98016424134728963313
0.98022569701848416557
0.99522163148798448162
0.99335960595774142057
0.99181314228371719732
0.79313956076344693802
0.83110501397701064263
0.91322439341534034085
0.84949034955848712336
0.99702930124289301794
0.99661946839583737123
0.99642281183100056552
0.99723572276161320804
0.70817990773795436166
0.60277740694161563439
0.74904557659086479227
0.68433224626891797637
0.91317699830219845047
0.83008784463786811081
0.85745678111620338147
0.87314998250908015809
0.49259399926058056174
0.42972286898932832155
0.43376764190419880851
0.44784473606503288901
0.27422294105193018021
0.26042982272322484638
0.28065536592735357280
0.26937517936047689071
0.31269896774917421700
0.28216991111387912383
0.28480391754658423986
0.29066634091982496146
0.39633085093312930836
0.39911770253450890023
0.35542886652139710213
0.38031183778654420458
0.91769236543535170902
0.84688965746512412380
0.92511740493273042496
0.90204993800561206196
0.32063492566028106712
0.32023920148906398486
0.29190569771618674055
0.30835441112858069657
0.95549702858736562661
0.98565186031158269486
0.98765557806708026423
0.97959550636033820847
0.27152380596784841948
0.26986569703135748766
0.25865759756956069326
0.26471732861204205767
0.47041107787585145772
0.39104997364354115996
0.41138237511571745797
0.42008854981587068211
0.94054142409567675909
0.94677667579460178526
0.97860129460084632758
0.95872020844872252177
0.71078721107676912094
0.70999442622962127825
0.79012372602653235809
0.74106303432657849584
0.29090780430515333910
0.30006076076855214829
0.33326723053877316261
0.30520169092806159750
0.55310784022114678482
0.56071890229822451968
0.62525613056685036550
0.57669553336242951325
0.77363398002845573664
0.71967162910096005302
0.81069306958853570855
0.77038249010621295820
0.97633956194542215190
0.98574116191713778701
0.99427119332199898061
0.98778457506378181119
0.94791168409580606191
0.88653485561189893094
0.96732794899698115731
0.93977579298134128472
0.27126799880797497488
0.26962059830037071739
0.25851361634097408393
0.26451616652902704141
0.51512695212005199519
0.45280822916004165313
0.51019123219186723883
0.48909597304735813461
0.58470289634654504241
0.63575377392064036375
0.73084815688941096035
0.64694604152354795445
0.99445541031767248352
0.97556668828649184544
0.99141880323705267042
0.98966958096563417691
0.35509125224630694317
0.31964674875845211499
0.37327626714157130516
0.34629679567680993202
0.51544786888179439099
0.45132792272969912695
0.56277665022369549597
0.50517248793012725638
0.27447947157733898482
0.26057180996616347013
0.28090156087073459013
0.26957468137144646736
0.98383276971974620295
0.95602732042478577590
0.94186109444986076955
0.96380966394756018012
0.81014582272721635814
0.80985798172792233807
0.89259815151083210516
0.83954408419955872667
0.83250375182935421048
0.91104432434295146148
0.89854108187968106947
0.88120299220861486589
0.66671847538095074803
0.62667784170579787784
0.66654361576457255012
0.65266176674490528065
0.63124274178973271976
0.61385691672142761455
0.57504316979369962670
0.60571970342922432096
0.71212099588529076399
0.59844848853489618357
0.66887640625075561740
0.65909099262631887228
0.99496977667828745417
0.99192996001151656493
0.99123263554403329145
0.99421345355391055332
0.92014024115992587571
0.96318955301686093318
0.87521778521940851725
0.92475800456775703040
0.99349735203016253937
0.98377796713453669053
0.97183207812095451228
0.98568960648065817587
0.80024394730220504979
0.70947290764279558051
0.86100447046697137221
0.79105987754163886727
0.75237836331812901758
0.64136696727684538999
0.73699376697548890647
0.71001287215490527238
0.59771360362155745438
0.58033870401601539424
0.69194399468131762010
0.62071871573917647424
0.89407514007215727059
0.91495526913324842777
0.80230996315676339492
0.87431122066004418603
0.78963343788273676616
0.84960387798159386907
0.73101621114314252470
0.78836306254265231530
0.63117434604857891589
0.57425027677789519664
0.61348769665805213958
0.60513888195894305344
0.55220451603053177791
0.62553818055633203521
0.55988551069284553385
0.57629897431704346644
0.71603918985193382163
0.84465483447510902870
0.74667846179413388530
0.76766989775145766384
0.99094549147928645549
0.99214255309643806235
0.99035201315930476706
0.99259842041503609789
0.98144274024199651407
0.95777100068166132196
0.98946647870617621123
0.98011848016731351052
0.94029924615160687118
0.96358318676870646780
0.87782396790353645066
0.93302584978396818638
0.67392069228794870828
0.62587244753325832480
0.73849600976920048989
0.67968825778550823191
0.81958456809439628188
0.77819478928954810559
0.90188956904175721085
0.83611632125167534291
0.45463361845888117241
0.52132451504356669414
0.53933998500057545034
0.50332642327152243844
0.50833285365065572492
0.45076457127507724154
0.51383710061551290949
0.48728314722534277204
0.97999133126976201158
0.98904531056234001873
0.95551461803678272577
0.97891421741669248924
0.42759220718269158601
0.42708677374087938849
0.48842812898896381668
0.44341262659299290894
0.91627092312357494297
0.86818604000619714611
0.96000612944008378857
0.92009967266291059484
0.52211457373020175865
0.56689435517412889443
0.62438633883507987932
0.57014677668700475266
0.54356915940062422443
0.64916097502807024178
0.66220880374040169691
0.61793972690593312880
0.44327078136893294236
0.52449346645632521913
0.47269203141780630206
0.47714325357882259038
0.73754195247138365499
0.59167667712682847636
0.69353142973264803040
0.67121724242703717511
0.63503968535707078225
0.53893689394259947090
0.51387420259891414265
0.55922146598167610243
0.39179818754017720073
0.35321800003912073862
0.39664541811251008419
0.37753137688575805209
0.85601271165955106213
0.70338170254638587853
0.79275101796658808961
0.78477215326606863943
0.72156989314468056307
0.62944394020557281610
0.57616353666426345370
0.63883576151116838737
0.42976194338035783593
0.36407940058257182159
0.40455450756569061310
0.39627070073237635750
0.38034070363259386838
0.34307598094011587664
0.33844981240511518017
0.35099598573732571083
0.39782335085060199775
0.45642186259991357478
0.47796324484077029604
0.44063536308774975403
0.37265721734813733734
0.35730290289210570043
0.42115027290129142257
0.38118043890972291843
0.50905097518971054171
0.55744020622902368256
0.44744400653306543036
0.50013743883355110675
0.38635675218903442474
0.46391187688701535086
0.40783991662091384489
0.41533834765544946910
0.31847645070442881510
0.29093129440373100003
0.31860426107340633628
0.30689745618301161878
0.29656618315249905216
0.32842869812146563424
0.33986098080707516367
0.31964304631352991048
0.28378222678497033726
0.28132666916130355528
0.31075886123774826286
0.28954182213375739829
0.35197007001028995932
0.37062118569624608044
0.31804379478870359321
0.34400724764879342388
0.33053529887887406202
0.29872158106108581688
0.28944154193135501751
0.30351685547334994464
0.27060288804058213463
0.25815211594502246450
0.26904354209569403267
0.26401916962914689924
0.27352643263975134902
0.27997525247460741671
0.26004783094463124193
0.26882730205761268261

1
2
3
4
5
2
6
3
5
5
3
2
1
7
2
8
9
7
4
2
9
9
2
7
4
10
5
11
12
10
6
5
12
12
5
10
4
9
13
8
14
9
15
13
14
14
13
9
4
13
10
15
16
13
11
10
16
16
10
13
11
17
12
18
19
17
6
12
19
19
12
17
8
20
14
21
22
20
15
14
22
22
14
20
11
16
23
15
24
16
25
23
24
24
23
16
11
26
17
27
28
26
18
17
28
28
17
26
11
23
26
25
29
23
27
26
29
29
26
23
30
31
32
15
22
31
21
32
22
22
32
31
25
24
33
15
31
24
30
33
31
31
33
24
27
34
28
35
36
34
18
28
36
36
28
34
30
32
37
21
38
32
39
37
38
38
37
32
40
41
42
27
29
41
25
42
29
29
42
41
30
43
33
44
45
43
25
33
45
45
33
43
46
47
48
35
34
47
27
48
34
34
48
47
46
48
49
27
41
48
40
49
41
41
49
48
25
50
42
51
52
50
40
42
52
52
42
50
25
45
50
44
53
45
51
50
53
53
50
45
30
37
54
39
55
37
56
54
55
55
54
37
30
54
43
56
57
54
44
43
57
57
43
54
46
58
47
59
60
58
35
47
60
60
47
58
46
49
61
40
62
49
63
61
62
62
61
49
56
55
64
39
65
55
66
64
65
65
64
55
51
67
52
68
69
67
40
52
69
69
52
67
44
70
53
71
72
70
51
53
72
72
53
70
68
73
69
63
62
73
40
69
62
62
69
73
56
74
57
75
76
74
44
57
76
76
57
74
46
77
58
78
79
77
59
58
79
79
58
77
78
77
80
46
61
77
63
80
61
61
80
77
44
76
70
75
81
76
71
70
81
81
70
76
66
82
64
83
84
82
56
64
84
84
64
82
85
86
87
68
67
86
51
87
67
67
87
86
85
87
88
51
72
87
71
88
72
72
88
87
75
74
89
56
84
74
83
89
84
84
89
74
90
91
92
63
73
91
68
92
73
73
92
91
59
79
93
78
94
79
95
93
94
94
93
79
96
97
98
78
80
97
63
98
80
80
98
97
83
82
99
66
100
82
101
99
100
100
99
82
90
102
91
96
98
102
63
91
98
98
91
102
103
104
105
71
81
104
75
105
81
81
105
104
106
107
108
68
86
107
85
108
86
86
108
107
103
109
104
85
88
109
71
104
88
88
104
109
106
110
107
90
92
110
68
107
92
92
107
110
75
89
111
83
112
89
113
111
112
112
111
89
114
115
116
95
94
115
78
116
94
94
116
115
114
116
117
78
97
116
96
117
97
97
117
116
103
105
118
75
111
105
113
118
111
111
118
105
83
99
119
101
120
99
121
119
120
120
119
99
122
123
124
96
102
123
90
124
102
102
124
123
113
112
125
83
119
112
121
125
119
119
125
112
103
126
109
127
128
126
85
109
128
128
109
126
106
108
129
85
128
108
127
129
128
128
129
108
130
131
132
90
110
131
106
132
110
110
132
131
114
133
115
134
135
133
95
115
135
135
115
133
130
136
131
122
124
136
90
131
124
124
131
136
114
117
137
96
138
117
139
137
138
138
137
117
122
140
123
139
138
140
96
123
138
138
123
140
103
118
141
113
142
118
143
141
142
142
141
118
121
120
144
101
145
120
146
144
145
145
144
120
103
141
126
143
147
141
127
126
147
147
126
141
121
148
125
149
150
148
113
125
150
150
125
148
151
152
153
106
129
152
127
153
129
129
153
152
130
132
154
106
152
132
151
154
152
152
154
132
114
155
133
156
157
155
134
133
157
157
133
155
139
158
137
156
155
158
114
137
155
155
137
158
113
159
142
160
161
159
143
142
161
161
142
159
162
163
164
122
136
163
130
164
136
136
164
163
113
150
159
149
165
150
160
159
165
165
159
150
166
167
168
139
140
167
122
168
140
140
168
167
146
169
144
170
171
169
121
144
171
171
144
169
121
171
148
170
172
171
149
148
172
172
148
171
127
147
173
143
174
147
175
173
174
174
173
147
127
173
153
175
176
173
151
153
176
176
153
173
162
177
163
166
168
177
122
163
168
168
163
177
130
154
178
151
179
154
180
178
179
179
178
154
156
181
157
182
183
181
134
157
183
183
157
181
162
164
184
130
178
164
180
184
178
178
184
164
185
186
187
156
158
186
139
187
158
158
187
186
166
188
167
185
187
188
139
167
187
187
167
188
160
189
161
190
191
189
143
161
191
191
161
189
160
165
192
149
193
165
194
192
193
193
192
165
143
191
174
190
195
191
175
174
195
195
174
191
146
196
169
197
198
196
170
169
198
198
169
196
149
172
199
170
200
172
201
199
200
200
199
172
151
176
202
175
203
176
204
202
203
203
202
176
151
202
179
204
205
202
180
179
205
205
179
202
206
207
208
166
177
207
162
208
177
177
208
207
160
192
189
194
209
192
190
189
209
209
189
192
149
199
193
201
210
199
194
193
210
210
193
199
211
212
213
182
181
212
156
213
181
181
213
212
185
214
186
211
213
214
156
186
213
213
186
214
215
216
217
162
184
216
180
217
184
184
217
216
218
219
220
185
188
219
166
220
188
188
220
219
206
208
221
162
216
208
215
221
216
216
221
208
190
222
195
223
224
222
175
195
224
224
195
222
170
198
225
197
226
198
227
225
226
226
225
198
218
220
228
166
207
220
206
228
207
207
228
220
201
200
229
170
225
200
227
229
225
225
229
200
175
224
203
223
230
224
204
203
230
230
203
224
194
231
209
232
233
231
190
209
233
233
209
231
180
205
234
204
235
205
236
234
235
235
234
205
180
234
217
236
237
234
215
217
237
237
217
234
211
238
212
239
240
238
182
212
240
240
212
238
194
210
241
201
242
210
243
241
242
242
241
210
190
233
222
232
244
233
223
222
244
244
222
233
185
245
214
246
247
245
211
214
247
247
214
245
218
248
219
246
245
248
185
219
245
245
219
248
227
226
249
197
250
226
251
249
250
250
249
226
194
252
231
253
254
252
232
231
254
254
231
252
215
255
221
256
257
255
206
221
257
257
221
255
201
229
258
227
259
229
260
258
259
259
258
229
194
241
252
243
261
241
253
252
261
261
252
241
204
230
262
223
263
230
264
262
263
263
262
230
218
228
265
206
266
228
267
265
266
266
265
228
264
268
262
236
235
268
204
262
235
235
262
268
243
242
269
201
258
242
260
269
258
258
269
242
211
270
238
271
272
270
239
238
272
272
238
270
215
237
273
236
274
237
275
273
274
274
273
237
246
276
247
271
270
276
211
247
270
270
247
276
232
277
244
278
279
277
223
244
279
279
244
277
218
265
248
267
280
265
246
248
280
280
248
265
256
281
257
282
283
281
206
257
283
283
257
281
215
273
255
275
284
273
256
255
284
284
255
273
282
285
283
267
266
285
206
283
266
266
283
285
286
287
288
227
249
287
251
288
249
249
288
287
223
279
263
278
289
279
264
263
289
289
263
279
286
290
287
260
259
290
227
287
259
259
287
290
253
291
254
292
293
291
232
254
293
293
254
291
243
294
261
295
296
294
253
261
296
296
261
294
297
298
299
236
268
298
264
299
268
268
299
298
243
269
294
260
300
269
295
294
300
300
294
269
292
301
293
278
277
301
232
293
277
277
293
301
275
274
302
236
298
274
297
302
298
298
302
274
271
303
272
304
305
303
239
272
305
305
272
303
267
306
280
307
308
306
246
280
308
308
280
306
309
310
311
271
276
310
246
311
276
276
311
310
275
312
284
313
314
312
256
284
314
314
284
312
286
288
315
251
316
288
317
315
316
316
315
288
309
311
318
246
308
311
307
318
308
308
318
311
256
319
281
320
321
319
282
281
321
321
281
319
264
289
322
278
323
289
324
322
323
323
322
289
253
325
291
326
327
325
292
291
327
327
291
325
326
325
328
253
296
325
295
328
296
296
328
325
286
329
290
330
331
329
260
290
331
331
290
329
297
299
332
264
322
299
324
332
322
322
332
299
275
302
312
297
333
302
313
312
333
333
312
302
282
334
285
335
336
334
267
285
336
336
285
334
313
337
314
320
319
337
256
314
319
319
314
337
295
300
338
260
339
300
340
338
339
339
338
300
267
336
306
335
341
336
307
306
341
341
306
336
292
342
301
343
344
342
278
301
344
344
301
342
345
346
347
304
303
346
271
347
303
303
347
346
345
347
348
271
310
347
309
348
310
310
348
347
260
331
339
330
349
331
340
339
349
349
339
331
278
344
323
343
350
344
324
323
350
350
323
344
351
352
353
282
321
352
320
353
321
321
353
352
286
315
354
317
355
315
356
354
355
355
354
315
351
357
352
335
334
357
282
352
334
334
352
357
358
359
360
313
333
359
297
360
333
333
360
359
356
361
354
330
329
361
286
354
329
329
354
361
309
318
362
307
363
318
364
362
363
363
362
318
297
332
360
324
365
332
358
360
365
365
360
332
326
366
327
367
368
366
292
327
368
368
327
366
295
369
328
370
371
369
326
328
371
371
328
369
292
368
342
367
372
368
343
342
372
372
342
368
295
338
369
340
373
338
370
369
373
373
369
338
313
374
337
375
376
374
320
337
376
376
337
374
335
377
341
378
379
377
307
341
379
379
341
377
345
380
346
381
382
380
304
346
382
382
346
380
309
383
348
384
385
383
345
348
385
385
348
383
307
379
363
378
386
379
364
363
386
386
363
379
358
387
359
375
374
387
313
359
374
374
359
387
309
362
383
364
388
362
384
383
388
388
383
362
389
390
391
324
350
390
343
391
350
350
391
390
356
355
392
317
393
355
394
392
393
393
392
355
340
349
395
330
396
349
397
395
396
396
395
349
389
398
390
358
365
398
324
390
365
365
390
398
399
400
401
351
353
400
320
401
353
353
401
400
356
402
361
403
404
402
330
361
404
404
361
402
405
406
407
335
357
406
351
407
357
357
407
406
375
408
376
399
401
408
320
376
401
401
376
408
326
409
366
410
411
409
367
366
411
411
366
409
326
371
409
370
412
371
410
409
412
412
409
371
345
385
380
384
413
385
381
380
413
413
380
385
405
414
406
378
377
414
335
406
377
377
406
414
340
415
373
416
417
415
370
373
417
417
373
415
367
418
372
419
420
418
343
372
420
420
372
418
330
404
396
403
421
404
397
396
421
421
396
404
340
395
415
397
422
395
416
415
422
422
415
395
356
392
402
394
423
392
403
402
423
423
402
392
343
420
391
419
424
420
389
391
424
424
391
420
425
426
427
375
387
426
358
427
387
387
427
426
425
427
428
358
398
427
389
428
398
398
428
427
399
429
400
430
431
429
351
400
431
431
400
429
351
431
407
430
432
431
405
407
432
432
407
431
375
433
408
434
435
433
399
408
435
435
408
433
367
411
436
410
437
411
438
436
437
437
436
411
439
440
441
410
412
440
370
441
412
412
441
440
367
436
418
438
442
436
419
418
442
442
418
436
370
417
441
416
443
417
439
441
443
443
441
417
425
444
426
445
446
444
375
426
446
446
426
444
445
447
446
434
433
447
375
446
433
433
446
447
389
424
448
419
449
424
450
448
449
449
448
424
425
428
451
389
452
428
453
451
452
452
451
428
399
454
429
455
456
454
430
429
456
456
429
454
455
454
457
399
435
454
434
457
435
435
457
454
453
452
458
389
448
452
450
458
448
448
458
452
410
459
437
460
461
459
438
437
461
461
437
459
410
440
459
439
462
440
460
459
462
462
459
440
419
442
463
438
464
442
465
463
464
464
463
442
453
466
451
445
444
466
425
451
444
444
451
466
465
467
463
450
449
467
419
463
449
449
463
467
468
469
470
434
447
469
445
470
447
447
470
469
434
471
457
472
473
471
455
457
473
473
457
471
438
461
474
460
475
461
476
474
475
475
474
461
468
477
469
472
471
477
434
469
471
471
469
477
476
478
474
465
464
478
438
474
464
464
474
478
479
480
481
445
466
480
453
481
466
466
481
480
479
481
482
453
458
481
450
482
458
458
482
481
468
470
483
445
480
470
479
483
480
480
483
470
465
484
467
485
486
484
450
467
486
486
467
484
450
486
482
485
487
486
479
482
487
487
482
486
468
488
477
489
490
488
472
477
490
490
477
488
476
491
478
492
493
491
465
478
493
493
478
491
465
493
484
492
494
493
485
484
494
494
484
493
479
495
483
496
497
495
468
483
497
497
483
495
468
497
488
496
498
497
489
488
498
498
488
497
499
500
501
479
487
500
485
501
487
487
501
500
499
502
500
496
495
502
479
500
495
495
500
502
485
494
503
492
504
494
505
503
504
504
503
494
499
501
506
485
503
501
505
506
503
503
506
501
496
507
498
508
509
507
489
498
509
509
498
507
510
511
512
496
502
511
499
512
502
502
512
511
510
513
511
508
507
513
496
511
507
507
511
513
499
506
514
505
515
506
516
514
515
515
514
506
499
514
512
516
517
514
510
512
517
517
512
514
510
518
513
519
520
518
508
513
520
520
513
518
510
517
518
516
521
517
519
518
521
521
518
517
